1.465682407287750122e+00
2.158829587847695297e+00
1.671948544953378413e+00
2.365095725513323810e+00
1.756017005854377588e+00
2.449164186414322764e+00
2.004235449011323222e+00
2.375299130402154901e+00
1.895759192665740001e+00
2.588906373225685176e+00
2.102025330331368291e+00
2.795172510891313689e+00
2.186093791232367689e+00
2.879240971792312642e+00
2.434312234389312657e+00
2.805375915780144780e+00
2.232953155241373722e+00
2.926100335801318675e+00
2.439219292907001790e+00
3.132366473466947188e+00
2.523287753808001188e+00
3.216434934367946585e+00
2.771506196964946600e+00
3.142569878355778279e+00
2.451434012081183056e+00
3.144581192641128453e+00
2.657700149746811125e+00
3.350847330306756522e+00
2.741768610647810522e+00
3.434915791207755920e+00
2.989987053804755934e+00
3.361050735195588057e+00
2.669650612184991001e+00
3.362797792744936398e+00
2.875916749850619514e+00
3.569063930410564467e+00
2.959985210751618467e+00
3.653132391311563865e+00
3.208203653908563879e+00
3.579267335299396002e+00
2.790945989975225139e+00
3.484093170535170536e+00
2.997212127640853652e+00
3.690359308200798605e+00
3.081280588541852605e+00
3.774427769101798003e+00
3.329499031698798017e+00
3.700562713089630140e+00
2.867833149445740304e+00
3.560980330005685701e+00
3.074099287111368817e+00
3.767246467671314214e+00
3.158167748012367770e+00
3.851314928572313168e+00
3.406386191169313182e+00
3.777449872560145305e+00
2.988179815273117157e+00
3.681326995833062554e+00
3.194445952938746114e+00
3.887593133498691067e+00
3.278514413839745067e+00
3.971661594399690465e+00
3.526732856996690479e+00
3.897796538387522602e+00
3.103795268156411602e+00
3.796942448716356999e+00
3.310061405822039671e+00
4.003208586381985512e+00
3.394129866723039068e+00
4.087277047282984022e+00
3.642348309879984480e+00
4.013411991270816159e+00
3.219367214208858297e+00
3.912514394768803694e+00
3.425633351874486365e+00
4.118780532434431763e+00
3.509701812775485763e+00
4.202848993335431160e+00
3.757920255932431175e+00
4.128983937323263298e+00
3.290082828986335972e+00
3.983230009546281369e+00
3.496348966651964485e+00
4.189496147211909438e+00
3.580417427552963883e+00
4.273564608112908836e+00
3.828635870709909295e+00
4.199699552100740974e+00
1.465682407287750122e+00
2.158829587847695297e+00
1.671948544953378413e+00
2.365095725513323810e+00
1.756017005854377588e+00
2.449164186414322764e+00
2.004235449011323222e+00
2.375299130402154901e+00
1.895759192665740001e+00
2.588906373225685176e+00
2.102025330331368291e+00
2.795172510891313689e+00
2.186093791232367689e+00
2.879240971792312642e+00
2.434312234389312657e+00
2.805375915780144780e+00
2.232953155241373722e+00
2.926100335801318675e+00
2.439219292907001790e+00
3.132366473466947188e+00
2.523287753808001188e+00
3.216434934367946585e+00
2.771506196964946600e+00
3.142569878355778279e+00
2.451434012081183056e+00
3.144581192641128453e+00
2.657700149746811125e+00
3.350847330306756522e+00
2.741768610647810522e+00
3.434915791207755920e+00
2.989987053804755934e+00
3.361050735195588057e+00
2.669650612184991001e+00
3.362797792744936398e+00
2.875916749850619514e+00
3.569063930410564467e+00
2.959985210751618467e+00
3.653132391311563865e+00
3.208203653908563879e+00
3.579267335299396002e+00
2.790945989975225139e+00
3.484093170535170536e+00
2.997212127640853652e+00
3.690359308200798605e+00
3.081280588541852605e+00
3.774427769101798003e+00
3.329499031698798017e+00
3.700562713089630140e+00
2.867833149445740304e+00
3.560980330005685701e+00
3.074099287111368817e+00
3.767246467671314214e+00
3.158167748012367770e+00
3.851314928572313168e+00
3.406386191169313182e+00
3.777449872560145305e+00
2.988179815273117157e+00
3.681326995833062554e+00
3.194445952938746114e+00
3.887593133498691067e+00
3.278514413839745067e+00
3.971661594399690465e+00
3.526732856996690479e+00
3.897796538387522602e+00
3.103795268156411602e+00
3.796942448716356999e+00
3.310061405822039671e+00
4.003208586381985512e+00
3.394129866723039068e+00
4.087277047282984022e+00
3.642348309879984480e+00
4.013411991270816159e+00
3.219367214208858297e+00
3.912514394768803694e+00
3.425633351874486365e+00
4.118780532434431763e+00
3.509701812775485763e+00
4.202848993335431160e+00
3.757920255932431175e+00
4.128983937323263298e+00
3.290082828986335972e+00
3.983230009546281369e+00
3.496348966651964485e+00
4.189496147211909438e+00
3.580417427552963883e+00
4.273564608112908836e+00
3.828635870709909295e+00
4.199699552100740974e+00
1.465682407287750122e+00
2.158829587847695297e+00
1.671948544953378413e+00
2.365095725513323810e+00
1.756017005854377588e+00
2.449164186414322764e+00
2.004235449011323222e+00
2.375299130402154901e+00
1.895759192665740001e+00
2.588906373225685176e+00
2.102025330331368291e+00
2.795172510891313689e+00
2.186093791232367689e+00
2.879240971792312642e+00
2.434312234389312657e+00
2.805375915780144780e+00
2.232953155241373722e+00
2.926100335801318675e+00
2.439219292907001790e+00
3.132366473466947188e+00
2.523287753808001188e+00
3.216434934367946585e+00
2.771506196964946600e+00
3.142569878355778279e+00
2.451434012081183056e+00
3.144581192641128453e+00
2.657700149746811125e+00
3.350847330306756522e+00
2.741768610647810522e+00
3.434915791207755920e+00
2.989987053804755934e+00
3.361050735195588057e+00
2.669650612184991001e+00
3.362797792744936398e+00
2.875916749850619514e+00
3.569063930410564467e+00
2.959985210751618467e+00
3.653132391311563865e+00
3.208203653908563879e+00
3.579267335299396002e+00
2.790945989975225139e+00
3.484093170535170536e+00
2.997212127640853652e+00
3.690359308200798605e+00
3.081280588541852605e+00
3.774427769101798003e+00
3.329499031698798017e+00
3.700562713089630140e+00
2.867833149445740304e+00
3.560980330005685701e+00
3.074099287111368817e+00
3.767246467671314214e+00
3.158167748012367770e+00
3.851314928572313168e+00
3.406386191169313182e+00
3.777449872560145305e+00
2.988179815273117157e+00
3.681326995833062554e+00
3.194445952938746114e+00
3.887593133498691067e+00
3.278514413839745067e+00
3.971661594399690465e+00
3.526732856996690479e+00
3.897796538387522602e+00
3.103795268156411602e+00
3.796942448716356999e+00
3.310061405822039671e+00
4.003208586381985512e+00
3.394129866723039068e+00
4.087277047282984022e+00
3.642348309879984480e+00
4.013411991270816159e+00
3.219367214208858297e+00
3.912514394768803694e+00
3.425633351874486365e+00
4.118780532434431763e+00
3.509701812775485763e+00
4.202848993335431160e+00
3.757920255932431175e+00
4.128983937323263298e+00
3.290082828986335972e+00
3.983230009546281369e+00
3.496348966651964485e+00
4.189496147211909438e+00
3.580417427552963883e+00
4.273564608112908836e+00
3.828635870709909295e+00
4.199699552100740974e+00
1.465682407287750122e+00
2.158829587847695297e+00
1.671948544953378413e+00
2.365095725513323810e+00
1.756017005854377588e+00
2.449164186414322764e+00
2.004235449011323222e+00
2.375299130402154901e+00
1.895759192665740001e+00
2.588906373225685176e+00
2.102025330331368291e+00
2.795172510891313689e+00
2.186093791232367689e+00
2.879240971792312642e+00
2.434312234389312657e+00
2.805375915780144780e+00
2.232953155241373722e+00
2.926100335801318675e+00
2.439219292907001790e+00
3.132366473466947188e+00
2.523287753808001188e+00
3.216434934367946585e+00
2.771506196964946600e+00
3.142569878355778279e+00
2.451434012081183056e+00
3.144581192641128453e+00
2.657700149746811125e+00
3.350847330306756522e+00
2.741768610647810522e+00
3.434915791207755920e+00
2.989987053804755934e+00
3.361050735195588057e+00
2.669650612184991001e+00
3.362797792744936398e+00
2.875916749850619514e+00
3.569063930410564467e+00
2.959985210751618467e+00
3.653132391311563865e+00
3.208203653908563879e+00
3.579267335299396002e+00
2.790945989975225139e+00
3.484093170535170536e+00
2.997212127640853652e+00
3.690359308200798605e+00
3.081280588541852605e+00
3.774427769101798003e+00
3.329499031698798017e+00
3.700562713089630140e+00
2.867833149445740304e+00
3.560980330005685701e+00
3.074099287111368817e+00
3.767246467671314214e+00
3.158167748012367770e+00
3.851314928572313168e+00
3.406386191169313182e+00
3.777449872560145305e+00
2.988179815273117157e+00
3.681326995833062554e+00
3.194445952938746114e+00
3.887593133498691067e+00
3.278514413839745067e+00
3.971661594399690465e+00
3.526732856996690479e+00
3.897796538387522602e+00
3.103795268156411602e+00
3.796942448716356999e+00
3.310061405822039671e+00
4.003208586381985512e+00
3.394129866723039068e+00
4.087277047282984022e+00
3.642348309879984480e+00
4.013411991270816159e+00
3.219367214208858297e+00
3.912514394768803694e+00
3.425633351874486365e+00
4.118780532434431763e+00
3.509701812775485763e+00
4.202848993335431160e+00
3.757920255932431175e+00
4.128983937323263298e+00
3.290082828986335972e+00
3.983230009546281369e+00
3.496348966651964485e+00
4.189496147211909438e+00
3.580417427552963883e+00
4.273564608112908836e+00
3.828635870709909295e+00
4.199699552100740974e+00
1.465682407287750122e+00
2.158829587847695297e+00
1.671948544953378413e+00
2.365095725513323810e+00
1.756017005854377588e+00
2.449164186414322764e+00
2.004235449011323222e+00
2.375299130402154901e+00
1.895759192665740001e+00
2.588906373225685176e+00
2.102025330331368291e+00
2.795172510891313689e+00
2.186093791232367689e+00
2.879240971792312642e+00
2.434312234389312657e+00
2.805375915780144780e+00
2.232953155241373722e+00
2.926100335801318675e+00
2.439219292907001790e+00
3.132366473466947188e+00
2.523287753808001188e+00
3.216434934367946585e+00
2.771506196964946600e+00
3.142569878355778279e+00
2.451434012081183056e+00
3.144581192641128453e+00
2.657700149746811125e+00
3.350847330306756522e+00
2.741768610647810522e+00
3.434915791207755920e+00
2.989987053804755934e+00
3.361050735195588057e+00
2.669650612184991001e+00
3.362797792744936398e+00
2.875916749850619514e+00
3.569063930410564467e+00
2.959985210751618467e+00
3.653132391311563865e+00
3.208203653908563879e+00
3.579267335299396002e+00
2.790945989975225139e+00
3.484093170535170536e+00
2.997212127640853652e+00
3.690359308200798605e+00
3.081280588541852605e+00
3.774427769101798003e+00
3.329499031698798017e+00
3.700562713089630140e+00
2.867833149445740304e+00
3.560980330005685701e+00
3.074099287111368817e+00
3.767246467671314214e+00
3.158167748012367770e+00
3.851314928572313168e+00
3.406386191169313182e+00
3.777449872560145305e+00
2.988179815273117157e+00
3.681326995833062554e+00
3.194445952938746114e+00
3.887593133498691067e+00
3.278514413839745067e+00
3.971661594399690465e+00
3.526732856996690479e+00
3.897796538387522602e+00
3.103795268156411602e+00
3.796942448716356999e+00
3.310061405822039671e+00
4.003208586381985512e+00
3.394129866723039068e+00
4.087277047282984022e+00
3.642348309879984480e+00
4.013411991270816159e+00
3.219367214208858297e+00
3.912514394768803694e+00
3.425633351874486365e+00
4.118780532434431763e+00
3.509701812775485763e+00
4.202848993335431160e+00
3.757920255932431175e+00
4.128983937323263298e+00
3.290082828986335972e+00
3.983230009546281369e+00
3.496348966651964485e+00
4.189496147211909438e+00
3.580417427552963883e+00
4.273564608112908836e+00
3.828635870709909295e+00
4.199699552100740974e+00
