1.904811907715346475e+00
1.642986752832219066e+00
1.815314969261399458e+00
1.598603896573150829e+00
1.794975626295717275e+00
1.716788708601492797e+00
1.690159121397129871e+00
1.714639294423161653e+00
1.905939522621868498e+00
1.528956134213962148e+00
1.799252193839321334e+00
1.448638290672621620e+00
1.763775885741312832e+00
1.603486636163922174e+00
1.765285356435382313e+00
1.666213202341587207e+00
1.846443440060894225e+00
1.393585439215731192e+00
1.740620205478150329e+00
1.466318810287105645e+00
1.706309915251122966e+00
1.505317287596423359e+00
1.600211298701870177e+00
1.510475467818996886e+00
1.724769871534709065e+00
1.276307341926393724e+00
1.588053540314723566e+00
1.419657461115248154e+00
1.604078041691758161e+00
1.425612067663577065e+00
1.529373227162477811e+00
1.508689582127577200e+00
1.627070337545045930e+00
1.395142437332195895e+00
1.533356956802018667e+00
1.381492316729993064e+00
1.509073107536001102e+00
1.335855431652086089e+00
1.493954809248791094e+00
1.410594620231661933e+00
1.523518174349703935e+00
1.372320461038012418e+00
1.481542474212657057e+00
1.329815892709687697e+00
1.471143943786054287e+00
1.464820929958500662e+00
1.467160859311402943e+00
1.588713986874285444e+00
1.504784302575277399e+00
1.329282816400338518e+00
1.458512658220443514e+00
1.314150354035915180e+00
1.448962317416047085e+00
1.475549963715196089e+00
1.455223849391658941e+00
1.179576550054120876e+00
1.454784815705345791e+00
1.299464050000423532e+00
1.422902128692420387e+00
1.369258914367395885e+00
1.423578381860922448e+00
1.580846527787607148e+00
1.615330482018532798e+00
1.570776982270264410e+00
1.462428320207777688e+00
1.513515887903486012e+00
1.457119334387487530e+00
1.534767356729250576e+00
1.650640242698479199e+00
1.559605297209914143e+00
1.567426771136513741e+00
1.584713215572023159e+00
1.405892650316056924e+00
1.499949551436948081e+00
1.399500593073611521e+00
1.404006446903884431e+00
1.514755744379683078e+00
1.493812376427924749e+00
1.561949020917842823e+00
1.629644570696474615e+00
1.389507482209936029e+00
1.483043433221833185e+00
1.564879444657728991e+00
1.544549944569549416e+00
1.535918073991999977e+00
1.544658334542160949e+00
1.551242581465233528e+00
1.093586054996716461e+00
1.929946587540365410e+00
1.633199987262523800e+00
1.821449850661244430e+00
1.604361003664679819e+00
1.790796611584387188e+00
1.599637486967814937e+00
1.700328273427798909e+00
1.699717699313779695e+00
1.935045055996612140e+00
1.553373533059493550e+00
1.784487663769562582e+00
1.433853290808821734e+00
1.758518904769961644e+00
1.462508486655629047e+00
1.594011064777885345e+00
1.580040859242939133e+00
1.815158126218806345e+00
1.432149418746042624e+00
1.695717752896244379e+00
1.374893104684238754e+00
1.681727592155893847e+00
1.462788890217671112e+00
1.432815459983096451e+00
1.476983745280889382e+00
1.750114657067898705e+00
1.301561897188587391e+00
1.508426022094712549e+00
1.360349155168885105e+00
1.492957122449644514e+00
1.356842295860109404e+00
1.552893836655959703e+00
1.421264594189184383e+00
1.392809486674941644e+00
1.334368562314410811e+00
1.496004590113301225e+00
1.328582390184961604e+00
1.536307518612884282e+00
1.328860366868525267e+00
1.484115309564144614e+00
1.335975403851437315e+00
1.524827721309885753e+00
1.276527756245751100e+00
1.491479471134587786e+00
1.273071795718442756e+00
1.508260099958525391e+00
1.310912556507536353e+00
1.467212173994092650e+00
1.424450833025791008e+00
1.468863885405124137e+00
1.262662958938092439e+00
1.484496247355278520e+00
1.326206905622172583e+00
1.446491775268561986e+00
1.223686399314214190e+00
1.372160148091073006e+00
1.511547576144686156e+00
1.492864144576129037e+00
1.246348912855946622e+00
1.410673707035937641e+00
1.244200073789047511e+00
1.340584361539475466e+00
1.267434901398020619e+00
1.355639702585558437e+00
1.274662526148133024e+00
1.462642251796214765e+00
1.316359094142100172e+00
1.342868269099866341e+00
1.348446658790433572e+00
1.521175120594956631e+00
1.385557969903497888e+00
1.435809311629358653e+00
1.254406986582982109e+00
1.410137404930999150e+00
1.331558766556202311e+00
1.397578050468085920e+00
1.124129887423791718e+00
1.357179129422841246e+00
1.251299360393265170e+00
1.412348331686837044e+00
nan
1.362192405017788044e+00
1.318903837100716903e+00
1.427307783952392883e+00
1.187226009072179567e+00
1.326589207698541273e+00
1.217226735500855472e+00
1.397700358834047973e+00
1.227991544538608260e+00
1.966122785140511864e+00
1.616081413903167618e+00
1.856269343774192615e+00
1.559389277247720695e+00
1.810449026508993198e+00
1.540704238851110519e+00
1.723151601838972979e+00
1.525908852292898299e+00
1.929763833770628212e+00
1.596189241812687287e+00
1.757640203336021445e+00
1.474736456291352749e+00
1.725803728984144358e+00
1.445277237203773213e+00
1.590774470622914771e+00
1.488400973702172614e+00
1.734432167289400084e+00
1.383904642291652776e+00
1.660455930454626694e+00
1.332721285480765516e+00
1.637188137133437804e+00
1.343182872235882952e+00
1.529456804489250032e+00
1.476266094764462578e+00
1.664094989141522651e+00
1.297924357102549608e+00
1.593030650804596604e+00
1.357191247443986004e+00
1.508343833451155858e+00
1.343737479577302052e+00
1.552580888055366204e+00
1.412487422132802317e+00
1.531161971409326528e+00
1.322264658430637230e+00
1.370972638040308000e+00
1.287088636036933131e+00
1.394255730355689948e+00
1.263958146925826753e+00
1.428822547125795595e+00
1.363564350945122516e+00
1.384875578531749696e+00
1.294826106036555124e+00
1.472228001247636087e+00
1.237116750883329841e+00
1.356977339489115364e+00
1.253955890981160781e+00
1.397566714813483602e+00
1.308496604448609713e+00
1.460062227841237181e+00
1.167254116022691912e+00
1.371623872292891955e+00
1.213408090787342575e+00
1.369782737383206106e+00
1.281162043641289827e+00
1.381919339327430496e+00
1.280078133647278182e+00
1.438110930902238849e+00
1.189262817210711143e+00
1.454372739722416874e+00
1.272773612829699585e+00
1.406513747703519890e+00
1.209856382973692801e+00
1.401598778297074022e+00
1.265039792423809706e+00
1.441803166171452766e+00
1.269183417909266476e+00
1.356010147609077565e+00
1.139852014172445305e+00
1.491738300216954638e+00
1.149598097772031480e+00
1.364453765123504025e+00
1.273013253634564412e+00
1.382639721177819858e+00
1.183003416568653821e+00
1.299627695502830971e+00
1.125642924157547187e+00
1.319826934015337683e+00
1.119833412631485947e+00
1.362559549559176686e+00
1.233920110058534192e+00
1.314852003331024921e+00
1.176455260133042691e+00
1.289644192605671424e+00
1.115006404080924662e+00
1.250434334755257337e+00
1.129503538436513965e+00
1.296679582074391490e+00
1.226518062440993262e+00
2.025105012096820367e+00
1.602752621223295426e+00
1.873901314816797559e+00
1.531952579641431944e+00
1.811892568668801884e+00
1.504536268933236665e+00
1.691775519901934866e+00
1.531518765323523379e+00
1.899173866899267704e+00
1.550283867735602117e+00
1.758280555520045141e+00
1.464838415024688922e+00
1.695298110713380213e+00
1.426093723629431320e+00
1.578334532664551926e+00
1.457037234366397538e+00
1.730915509338949665e+00
1.382228794030263774e+00
1.625911630207526715e+00
1.323329835771070773e+00
1.604830577081378662e+00
1.316790840124850703e+00
1.513168591195304558e+00
1.420121948341555473e+00
1.643804799426673569e+00
1.332074790303142686e+00
1.556620231320960945e+00
1.286736151443641729e+00
1.483991404361137523e+00
1.273589628727843204e+00
1.498768821517242111e+00
1.358035362870661178e+00
1.556000844998392418e+00
1.270146979177960267e+00
1.482916452908851213e+00
1.239238740280660833e+00
1.480345337178895715e+00
1.223641608499676403e+00
1.460939772700154959e+00
1.347956476670584269e+00
1.461021551075771585e+00
1.232203906833435170e+00
1.463260081403800372e+00
1.190270265448462483e+00
1.444593040790668192e+00
1.194948480166237559e+00
1.404603355101083029e+00
1.298592617119430415e+00
1.409146894296954278e+00
1.194981454742518157e+00
1.400071989756894064e+00
1.179408677844275832e+00
1.424336662905974160e+00
1.154950002380870755e+00
1.363433907180791271e+00
1.244215643600175669e+00
1.439208099363321391e+00
1.152081194970149713e+00
1.368308990130341130e+00
1.123277702711666270e+00
1.420631136902238190e+00
1.123579001753017170e+00
1.352182411319750699e+00
1.227591432356565537e+00
1.392347227197856085e+00
1.139094800951663711e+00
1.389359090179896006e+00
1.116141791214367629e+00
1.370706986268576788e+00
1.103098360374041853e+00
1.336981036022382607e+00
1.204355620686822004e+00
1.351656017009540633e+00
1.120033886993438754e+00
1.332126651585747501e+00
1.111976223245391138e+00
1.325809824431298578e+00
1.112735796400659227e+00
1.293228227916496387e+00
1.180406539971078139e+00
1.326402416724142386e+00
1.108338148858733829e+00
1.313182924059012491e+00
1.109452074357517581e+00
1.274589452912351373e+00
1.113872329552632934e+00
1.294193415004827985e+00
1.179606846870746351e+00
2.078117018672101413e+00
1.627636128806120741e+00
1.912976644935745263e+00
1.534384390876639914e+00
1.851501636440432197e+00
1.516683633062956726e+00
1.705840928509666732e+00
1.503094600689452331e+00
1.913017519991603743e+00
1.521776390958189173e+00
1.746451826103415872e+00
1.455314849542725053e+00
1.702698877835171043e+00
1.417697129801313460e+00
1.595171615987541758e+00
1.450435344237685609e+00
1.733428846835649573e+00
1.336855039469149187e+00
1.602733556935946657e+00
1.372938378327723141e+00
1.588952975983493277e+00
1.380569578997359326e+00
1.484358834284021045e+00
1.380595936298335102e+00
1.632337772474881987e+00
1.297727779396561587e+00
1.547756388459304411e+00
1.296250317884024117e+00
1.515582672698759570e+00
1.265676030987338718e+00
1.441310588378680091e+00
1.362392509728000745e+00
1.527755877585678324e+00
1.264487623351147505e+00
1.469930987581092863e+00
1.166364832890753211e+00
1.447622880659124922e+00
1.152684611204487508e+00
1.395645541710087034e+00
1.270145544129883231e+00
1.472887395471419891e+00
1.185178341405013436e+00
1.433326232659571708e+00
1.177380954814861491e+00
1.415976485839423260e+00
1.168392453776402329e+00
1.371780827608091169e+00
1.265611343082765572e+00
1.437466378661121258e+00
1.186040155992601930e+00
1.410647330746211292e+00
1.156916110949065102e+00
1.396085525485499579e+00
1.148866309465502056e+00
1.362935114928186087e+00
1.239379823318851326e+00
1.418651079417280192e+00
1.137982354347710334e+00
1.379773097705372598e+00
1.118231895360669359e+00
1.365457779185952569e+00
1.114194267340416378e+00
1.316940931320724983e+00
1.183155485615645874e+00
1.334698958036269589e+00
1.111385995784209157e+00
1.318786386082589246e+00
1.115854568150237869e+00
1.304144282112511988e+00
1.105247929180062538e+00
1.294979574260668675e+00
1.159169079622586418e+00
1.326158016726574296e+00
1.098043435263034162e+00
1.308634424502413962e+00
1.098939518052227671e+00
1.299672957195800560e+00
1.089684117393963092e+00
1.261616035381252887e+00
1.124293464071359328e+00
1.316589715830172924e+00
1.080718427062301146e+00
1.232163554797296223e+00
1.080444308818244492e+00
1.200355614270320226e+00
1.076502297773515471e+00
1.226408113927599297e+00
1.121723335632833107e+00
