4.330497395199783384e+00 1.778000000000000114e+02 1.250000000000000000e+01 1.066799999999999955e+03 2.350000000000000000e+01 2.350000000000000000e+02 4.325308146039550650e+01 2.564463250079137993e+02 1.840556657889170555e+00 1.091260957480484350e+00
8.660994790399566767e+00 1.778000000000000114e+02 1.250000000000000000e+01 1.066799999999999955e+03 4.700000000000000000e+01 2.350000000000000000e+02 7.413600945527136332e+01 2.596123636434274431e+02 1.577361903303646118e+00 1.104733462312457171e+00
5.322528886179431318e+00 1.778000000000000114e+02 1.250000000000000000e+01 1.066799999999999955e+03 3.550000000000000000e+01 3.550000000000000000e+02 6.404173055370321777e+01 3.827819909631326141e+02 1.803992409963470989e+00 1.078259129473613021e+00
1.064505777235886264e+01 1.778000000000000114e+02 1.250000000000000000e+01 1.066799999999999955e+03 7.100000000000000000e+01 3.550000000000000000e+02 1.126702744767848117e+02 3.839971429942132772e+02 1.586905274320912884e+00 1.081682092941445905e+00
5.789332534095639637e+00 1.778000000000000114e+02 1.250000000000000000e+01 1.066799999999999955e+03 4.200000000000000000e+01 4.200000000000000000e+02 7.590336952732306486e+01 4.614850256543239198e+02 1.807223083983882539e+00 1.098773870605533221e+00
1.157866506819127927e+01 1.778000000000000114e+02 1.250000000000000000e+01 1.066799999999999955e+03 8.400000000000000000e+01 4.200000000000000000e+02 1.532401406193062883e+02 4.651476689007978393e+02 1.824287388325074755e+00 1.107494449763804401e+00
7.420418439191857729e+00 1.778000000000000114e+02 1.250000000000000000e+01 1.066799999999999955e+03 6.900000000000000000e+01 6.900000000000000000e+02 1.210502043780981154e+02 7.436180301212526729e+02 1.754350788088378410e+00 1.077707290030800902e+00
1.075422962201718491e+01 1.778000000000000114e+02 1.250000000000000000e+01 1.066799999999999955e+03 1.000000000000000000e+02 6.900000000000000000e+02 1.725869999031255588e+02 7.440399585686274122e+02 1.725869999031255597e+00 1.078318780534242682e+00
6.657600888251725912e+00 1.015999999999999943e+02 5.000000000000000000e+00 6.096000000000000227e+02 2.350000000000000000e+01 2.350000000000000000e+02 4.441262028499011905e+01 2.576403901795396223e+02 1.889898735531494456e+00 1.096342085870381400e+00
1.331520177650345182e+01 1.015999999999999943e+02 5.000000000000000000e+00 6.096000000000000227e+02 4.700000000000000000e+01 2.350000000000000000e+02 7.199732369604868154e+01 2.612560903282578693e+02 1.531857950979759186e+00 1.111728043950033440e+00
8.182725864158816975e+00 1.015999999999999943e+02 5.000000000000000000e+00 6.096000000000000227e+02 3.550000000000000000e+01 3.550000000000000000e+02 6.291480554778251388e+01 3.834547177626037637e+02 1.772248043599507383e+00 1.080154134542545830e+00
1.636545172831763395e+01 1.015999999999999943e+02 5.000000000000000000e+00 6.096000000000000227e+02 7.100000000000000000e+01 3.550000000000000000e+02 1.028469902417279513e+02 3.907856560955864893e+02 1.448549158334196507e+00 1.100804665057990128e+00
8.900378387042442441e+00 1.015999999999999943e+02 5.000000000000000000e+00 6.096000000000000227e+02 4.200000000000000000e+01 4.200000000000000000e+02 7.331139355049809581e+01 4.646382847841557009e+02 1.745509370249954673e+00 1.106281630438465946e+00
1.780075677408488488e+01 1.015999999999999943e+02 5.000000000000000000e+00 6.096000000000000227e+02 8.400000000000000000e+01 4.200000000000000000e+02 1.370283267916177294e+02 4.719104431250232210e+02 1.631289604662115922e+00 1.123596293154817127e+00
1.140797000518321980e+01 1.015999999999999943e+02 5.000000000000000000e+00 6.096000000000000227e+02 6.900000000000000000e+01 6.900000000000000000e+02 1.297901853872027402e+02 7.457785253992697108e+02 1.881017179524677285e+00 1.080838442607637173e+00
1.653328986258437894e+01 1.015999999999999943e+02 5.000000000000000000e+00 6.096000000000000227e+02 1.000000000000000000e+02 6.900000000000000000e+02 1.682940779244785290e+02 7.516447662789701099e+02 1.682940779244785245e+00 1.089340240984014718e+00
9.327370620340570184e+00 2.730000000000000000e+02 1.000000000000000000e+01 1.638000000000000000e+03 2.350000000000000000e+01 2.350000000000000000e+02 4.313584480855090675e+01 2.596140601108961619e+02 1.835567864193655696e+00 1.104740681322962326e+00
1.865474124068114037e+01 2.730000000000000000e+02 1.000000000000000000e+01 1.638000000000000000e+03 4.700000000000000000e+01 2.350000000000000000e+02 6.549637691931825145e+01 2.642565783387241822e+02 1.393539934453579709e+00 1.124496078037124258e+00
1.146408715402857403e+01 2.730000000000000000e+02 1.000000000000000000e+01 1.638000000000000000e+03 3.550000000000000000e+01 3.550000000000000000e+02 6.168785391378251859e+01 3.866298500459888032e+02 1.737686025740352580e+00 1.089098169143630335e+00
2.292817430805714807e+01 2.730000000000000000e+02 1.000000000000000000e+01 1.638000000000000000e+03 7.100000000000000000e+01 3.550000000000000000e+02 1.085444748628680003e+02 3.938806611726862457e+02 1.528795420603774602e+00 1.109522989218834521e+00
1.246952607563323312e+01 2.730000000000000000e+02 1.000000000000000000e+01 1.638000000000000000e+03 4.200000000000000000e+01 4.200000000000000000e+02 7.188128284945463520e+01 4.675000002432075803e+02 1.711459115463205505e+00 1.113095238674303822e+00
2.493905215126646624e+01 2.730000000000000000e+02 1.000000000000000000e+01 1.638000000000000000e+03 8.400000000000000000e+01 4.200000000000000000e+02 1.278657789194159164e+02 4.750233897418481774e+02 1.522211653802570508e+00 1.131008070813924293e+00
1.598268896710847464e+01 2.730000000000000000e+02 1.000000000000000000e+01 1.638000000000000000e+03 6.900000000000000000e+01 6.900000000000000000e+02 1.092209926382847271e+02 7.549369180898935383e+02 1.582912936786735170e+00 1.094111475492599350e+00
2.316331734363546957e+01 2.730000000000000000e+02 1.000000000000000000e+01 1.638000000000000000e+03 1.000000000000000000e+02 6.900000000000000000e+02 1.587834874330756065e+02 7.556906589094902529e+02 1.587834874330755985e+00 1.095203853492014767e+00
1.160497646920110881e+01 1.330000000000000000e+02 4.000000000000000000e+00 7.980000000000000000e+02 2.350000000000000000e+01 2.350000000000000000e+02 4.222175197213721276e+01 2.610901838330881333e+02 1.796670296686689872e+00 1.111022058864204798e+00
2.320995293840221763e+01 1.330000000000000000e+02 4.000000000000000000e+00 7.980000000000000000e+02 4.700000000000000000e+01 2.350000000000000000e+02 5.998258875883797714e+01 2.669225365939975063e+02 1.276225292741233641e+00 1.135840581251053250e+00
1.426344755436710798e+01 1.330000000000000000e+02 4.000000000000000000e+00 7.980000000000000000e+02 3.550000000000000000e+01 3.550000000000000000e+02 5.715424371191180342e+01 3.896135000406206359e+02 1.609978696110191621e+00 1.097502817015832743e+00
2.852689510873421597e+01 1.330000000000000000e+02 4.000000000000000000e+00 7.980000000000000000e+02 7.100000000000000000e+01 3.550000000000000000e+02 1.007893786915754788e+02 3.984281558840276602e+02 1.419568713965851714e+00 1.122332833476134217e+00
1.551439977888747812e+01 1.330000000000000000e+02 4.000000000000000000e+00 7.980000000000000000e+02 4.200000000000000000e+01 4.200000000000000000e+02 6.807522747476568270e+01 4.706794622177206975e+02 1.620838749399182932e+00 1.120665386232668315e+00
3.102879955777495624e+01 1.330000000000000000e+02 4.000000000000000000e+00 7.980000000000000000e+02 8.400000000000000000e+01 4.200000000000000000e+02 1.197422419172374362e+02 4.801929803010959859e+02 1.425502879967112335e+00 1.143316619764514153e+00
1.988542504930308041e+01 1.330000000000000000e+02 4.000000000000000000e+00 7.980000000000000000e+02 6.900000000000000000e+01 6.900000000000000000e+02 1.055331426140292592e+02 7.585096697223428919e+02 1.529465834985931361e+00 1.099289376409192664e+00
2.881945659319287145e+01 1.330000000000000000e+02 4.000000000000000000e+00 7.980000000000000000e+02 1.000000000000000000e+02 6.900000000000000000e+02 1.510214257319909450e+02 7.626894427610984621e+02 1.510214257319909548e+00 1.105347018494345690e+00
1.443492492477201772e+01 1.015999999999999943e+02 2.500000000000000000e+00 6.096000000000000227e+02 2.350000000000000000e+01 2.350000000000000000e+02 3.823870951358472325e+01 2.628603747917376268e+02 1.627179128237647765e+00 1.118554786347819796e+00
2.886984984954403544e+01 1.015999999999999943e+02 2.500000000000000000e+00 6.096000000000000227e+02 4.700000000000000000e+01 2.350000000000000000e+02 6.558001228580013731e+01 2.698832785435071173e+02 1.395319410336173238e+00 1.148439483163860020e+00
1.774168135214546638e+01 1.015999999999999943e+02 2.500000000000000000e+00 6.096000000000000227e+02 3.550000000000000000e+01 3.550000000000000000e+02 5.443634647940430682e+01 3.932360023645964020e+02 1.533418210687445216e+00 1.107707048914356118e+00
3.548336270429093275e+01 1.015999999999999943e+02 2.500000000000000000e+00 6.096000000000000227e+02 7.100000000000000000e+01 3.550000000000000000e+02 9.808444077289327367e+01 4.020553806008476272e+02 1.381470996801313689e+00 1.132550367889711529e+00
1.929768635511564057e+01 1.015999999999999943e+02 2.500000000000000000e+00 6.096000000000000227e+02 4.200000000000000000e+01 4.200000000000000000e+02 6.338102068310592330e+01 4.749053887832191663e+02 1.509071921026331475e+00 1.130727116150521905e+00
3.859537271023128113e+01 1.015999999999999943e+02 2.500000000000000000e+00 6.096000000000000227e+02 8.400000000000000000e+01 4.200000000000000000e+02 1.122002355074076121e+02 4.842948754317770863e+02 1.335717089373900102e+00 1.153083036742326373e+00
2.473461436528282320e+01 1.015999999999999943e+02 2.500000000000000000e+00 6.096000000000000227e+02 6.900000000000000000e+01 6.900000000000000000e+02 1.030836730916533384e+02 7.618287245510056209e+02 1.493966276690628092e+00 1.104099600798558845e+00
3.584726719606206302e+01 1.015999999999999943e+02 2.500000000000000000e+00 6.096000000000000227e+02 1.000000000000000000e+02 6.900000000000000000e+02 1.411508054479484997e+02 7.671108019687519572e+02 1.411508054479484908e+00 1.111754785461959383e+00
1.629642877052321737e+01 2.730000000000000000e+02 6.000000000000000000e+00 1.638000000000000000e+03 2.350000000000000000e+01 2.350000000000000000e+02 3.580193883182927550e+01 2.651757649100541130e+02 1.523486758801245733e+00 1.128407510255549306e+00
3.259285754104643473e+01 2.730000000000000000e+02 6.000000000000000000e+00 1.638000000000000000e+03 4.700000000000000000e+01 2.350000000000000000e+02 6.449814669841377679e+01 2.711737588521884845e+02 1.372300993583271955e+00 1.153930888732716875e+00
2.002961899222520969e+01 2.730000000000000000e+02 6.000000000000000000e+00 1.638000000000000000e+03 3.550000000000000000e+01 3.550000000000000000e+02 5.259848094008306418e+01 3.951897229369500906e+02 1.481647350424875054e+00 1.113210487146338190e+00
4.005923798445041939e+01 2.730000000000000000e+02 6.000000000000000000e+00 1.638000000000000000e+03 7.100000000000000000e+01 3.550000000000000000e+02 9.442701248320949503e+01 4.041111084291632665e+02 1.329957922298725226e+00 1.138341150504685206e+00
2.178628380549105970e+01 2.730000000000000000e+02 6.000000000000000000e+00 1.638000000000000000e+03 4.200000000000000000e+01 4.200000000000000000e+02 6.178262433854044389e+01 4.753054543988197338e+02 1.471014865203343902e+00 1.131679653330523116e+00
4.357256761098211939e+01 2.730000000000000000e+02 6.000000000000000000e+00 1.638000000000000000e+03 8.400000000000000000e+01 4.200000000000000000e+02 1.230462548857304057e+02 4.843002264095772489e+02 1.464836367687266661e+00 1.153095777165660030e+00
2.792434898490184736e+01 2.730000000000000000e+02 6.000000000000000000e+00 1.638000000000000000e+03 6.900000000000000000e+01 6.900000000000000000e+02 1.012267873339953326e+02 7.643641356420798729e+02 1.467054888898483123e+00 1.107774109626202819e+00
4.047007099261136887e+01 2.730000000000000000e+02 6.000000000000000000e+00 1.638000000000000000e+03 1.000000000000000000e+02 6.900000000000000000e+02 1.588726978312792539e+02 7.595539472185040495e+02 1.588726978312792637e+00 1.100802822055803043e+00
1.759884279231388859e+01 2.445000000000000000e+02 5.000000000000000000e+00 1.467000000000000000e+03 2.350000000000000000e+01 2.350000000000000000e+02 3.536080875065817963e+01 2.659214116345207231e+02 1.504715265985454353e+00 1.131580475040513623e+00
3.519768558462777719e+01 2.445000000000000000e+02 5.000000000000000000e+00 1.467000000000000000e+03 4.700000000000000000e+01 2.350000000000000000e+02 6.248067275173402635e+01 2.722301596085035840e+02 1.329376015994341076e+00 1.158426211100015202e+00
2.163039036329912435e+01 2.445000000000000000e+02 5.000000000000000000e+00 1.467000000000000000e+03 3.550000000000000000e+01 3.550000000000000000e+02 5.178069152225435090e+01 3.964867889402594869e+02 1.458611028795897102e+00 1.116864194197914051e+00
4.326078072659824869e+01 2.445000000000000000e+02 5.000000000000000000e+00 1.467000000000000000e+03 7.100000000000000000e+01 3.550000000000000000e+02 9.329543082601290394e+01 4.050709871144202339e+02 1.314020152479054904e+00 1.141045034125127478e+00
2.352744819865592873e+01 2.445000000000000000e+02 5.000000000000000000e+00 1.467000000000000000e+03 4.200000000000000000e+01 4.200000000000000000e+02 6.085099815463405548e+01 4.766672242172730307e+02 1.448833289396048940e+00 1.134921962422078545e+00
4.705489639731185747e+01 2.445000000000000000e+02 5.000000000000000000e+00 1.467000000000000000e+03 8.400000000000000000e+01 4.200000000000000000e+02 1.330911596299185931e+02 4.792447537364321306e+02 1.584418567022840341e+00 1.141058937467695600e+00
3.015606884079421235e+01 2.445000000000000000e+02 5.000000000000000000e+00 1.467000000000000000e+03 6.900000000000000000e+01 6.900000000000000000e+02 1.010155014626370189e+02 7.656142063195978835e+02 1.463992774820826348e+00 1.109585806260286800e+00
4.370444759535393331e+01 2.445000000000000000e+02 5.000000000000000000e+00 1.467000000000000000e+03 1.000000000000000000e+02 6.900000000000000000e+02 1.592666795248329663e+02 7.599445720395625585e+02 1.592666795248329770e+00 1.101368944984873366e+00
1.984951979738589145e+01 2.190999999999999943e+02 4.000000000000000000e+00 1.314599999999999909e+03 2.350000000000000000e+01 2.350000000000000000e+02 3.418678603113283998e+01 2.671134008054432343e+02 1.454756852388631394e+00 1.136652769384864925e+00
3.969903959477178290e+01 2.190999999999999943e+02 4.000000000000000000e+00 1.314599999999999909e+03 4.700000000000000000e+01 2.350000000000000000e+02 6.107013432695335098e+01 2.736702403382469129e+02 1.299364560147943548e+00 1.164554214205306026e+00
2.439665305317724986e+01 2.190999999999999943e+02 4.000000000000000000e+00 1.314599999999999909e+03 3.550000000000000000e+01 3.550000000000000000e+02 5.050981800503478070e+01 3.983891202857194003e+02 1.422811774789712214e+00 1.122222874044279894e+00
4.879330610635449972e+01 2.190999999999999943e+02 4.000000000000000000e+00 1.314599999999999909e+03 7.100000000000000000e+01 3.550000000000000000e+02 9.722690668202125153e+01 4.059017763154670320e+02 1.369393051859454147e+00 1.143385285395681850e+00
2.653632141115285137e+01 2.190999999999999943e+02 4.000000000000000000e+00 1.314599999999999909e+03 4.200000000000000000e+01 4.200000000000000000e+02 5.978862516507515323e+01 4.784767598254367158e+02 1.423538694406551341e+00 1.139230380536754073e+00
5.307264282230570274e+01 2.190999999999999943e+02 4.000000000000000000e+00 1.314599999999999909e+03 8.400000000000000000e+01 4.200000000000000000e+02 1.328023018677611446e+02 4.874554457894256529e+02 1.580979784140013722e+00 1.160608204260537235e+00
3.401266165796434393e+01 2.190999999999999943e+02 4.000000000000000000e+00 1.314599999999999909e+03 6.900000000000000000e+01 6.900000000000000000e+02 1.148394663036986856e+02 7.570959503057260918e+02 1.664340091357952023e+00 1.097240507689458022e+00
4.929371254777441180e+01 2.190999999999999943e+02 4.000000000000000000e+00 1.314599999999999909e+03 1.000000000000000000e+02 6.900000000000000000e+02 1.583561406351329026e+02 7.657862473005973243e+02 1.583561406351329026e+00 1.109835141015358406e+00
2.228235853183522153e+01 2.445000000000000000e+02 4.000000000000000000e+00 1.467000000000000000e+03 2.350000000000000000e+01 2.350000000000000000e+02 3.436834513911694700e+01 2.684621039202166912e+02 1.462482771877316789e+00 1.142391931575390096e+00
4.456471706367044305e+01 2.445000000000000000e+02 4.000000000000000000e+00 1.467000000000000000e+03 4.700000000000000000e+01 2.350000000000000000e+02 7.113177719114119668e+01 2.731430947346564722e+02 1.513442067896621168e+00 1.162311041424070046e+00
2.738680712967574493e+01 2.445000000000000000e+02 4.000000000000000000e+00 1.467000000000000000e+03 3.550000000000000000e+01 3.550000000000000000e+02 5.172965935652700153e+01 4.004850624207656438e+02 1.457173503000760650e+00 1.128126936396522950e+00
5.477361425935148986e+01 2.445000000000000000e+02 4.000000000000000000e+00 1.467000000000000000e+03 7.100000000000000000e+01 3.550000000000000000e+02 1.089525311187469185e+02 4.054376909640046165e+02 1.534542691813336912e+00 1.142078002715505969e+00
2.978872203634841398e+01 2.445000000000000000e+02 4.000000000000000000e+00 1.467000000000000000e+03 4.200000000000000000e+01 4.200000000000000000e+02 6.933317178317929574e+01 4.747849484937214584e+02 1.650789804361411761e+00 1.130440353556479760e+00
5.957744407269682796e+01 2.445000000000000000e+02 4.000000000000000000e+00 1.467000000000000000e+03 8.400000000000000000e+01 4.200000000000000000e+02 1.310233837582739227e+02 4.886997448994549131e+02 1.559802187598499090e+00 1.163570821189178428e+00
3.818139327403661554e+01 2.445000000000000000e+02 4.000000000000000000e+00 1.467000000000000000e+03 6.900000000000000000e+01 6.900000000000000000e+02 1.130508766218990075e+02 7.605214718158867981e+02 1.638418501766652380e+00 1.102205031617227160e+00
5.533535257106755978e+01 2.445000000000000000e+02 4.000000000000000000e+00 1.467000000000000000e+03 1.000000000000000000e+02 6.900000000000000000e+02 1.584619277650995173e+02 7.730028171027703365e+02 1.584619277650995084e+00 1.120293937830102005e+00
2.501228775230443446e+01 2.730000000000000000e+02 4.000000000000000000e+00 1.638000000000000000e+03 2.350000000000000000e+01 2.350000000000000000e+02 3.303894965070312395e+01 2.697300447319759087e+02 1.405912751093749913e+00 1.147787424391386812e+00
5.002457550460886893e+01 2.730000000000000000e+02 4.000000000000000000e+00 1.638000000000000000e+03 4.700000000000000000e+01 2.350000000000000000e+02 7.048889145542062806e+01 2.747773848584428151e+02 1.499763647987673032e+00 1.169265467482735410e+00
3.074210925946777451e+01 2.730000000000000000e+02 4.000000000000000000e+00 1.638000000000000000e+03 3.550000000000000000e+01 3.550000000000000000e+02 4.968762031805199086e+01 4.025684424323886788e+02 1.399651276564844782e+00 1.133995612485601878e+00
6.148421851893554901e+01 2.730000000000000000e+02 4.000000000000000000e+00 1.638000000000000000e+03 7.100000000000000000e+01 3.550000000000000000e+02 1.058474374863414624e+02 4.095406671955166757e+02 1.490808978680865593e+00 1.153635682240891969e+00
3.343829542469855909e+01 2.730000000000000000e+02 4.000000000000000000e+00 1.638000000000000000e+03 4.200000000000000000e+01 4.200000000000000000e+02 6.361149383534966972e+01 4.808978512915172701e+02 1.514559377032135057e+00 1.144994884027422000e+00
6.687659084939711818e+01 2.730000000000000000e+02 4.000000000000000000e+00 1.638000000000000000e+03 8.400000000000000000e+01 4.200000000000000000e+02 1.305872751421907765e+02 4.921937817286898849e+02 1.554610418359414048e+00 1.171889956496880769e+00
4.285919706343801039e+01 2.730000000000000000e+02 4.000000000000000000e+00 1.638000000000000000e+03 6.900000000000000000e+01 6.900000000000000000e+02 1.103141193186423976e+02 7.635345480941438154e+02 1.598755352444092726e+00 1.106571808832092385e+00
6.211477835280869897e+01 2.730000000000000000e+02 4.000000000000000000e+00 1.638000000000000000e+03 1.000000000000000000e+02 6.900000000000000000e+02 1.533378539496332849e+02 7.734870066123258994e+02 1.533378539496332849e+00 1.120995661756994055e+00
2.684508711516770418e+01 2.190999999999999943e+02 3.000000000000000000e+00 1.314599999999999909e+03 2.350000000000000000e+01 2.350000000000000000e+02 3.265008510273251829e+01 2.705508403934119315e+02 1.389365323520532769e+00 1.151280171886859272e+00
5.369017423033540837e+01 2.190999999999999943e+02 3.000000000000000000e+00 1.314599999999999909e+03 4.700000000000000000e+01 2.350000000000000000e+02 6.970169359777361251e+01 2.758689193513845908e+02 1.483014757399438555e+00 1.173910295112274849e+00
3.299476678611223690e+01 2.190999999999999943e+02 3.000000000000000000e+00 1.314599999999999909e+03 3.550000000000000000e+01 3.550000000000000000e+02 5.554769141378233144e+01 3.993027310153677831e+02 1.564723701796685296e+00 1.124796425395402144e+00
6.598953357222447380e+01 2.190999999999999943e+02 3.000000000000000000e+00 1.314599999999999909e+03 7.100000000000000000e+01 3.550000000000000000e+02 1.096861065806490956e+02 4.077369782879154627e+02 1.544874740572522498e+00 1.148554868416663322e+00
3.588851857727584616e+01 2.190999999999999943e+02 3.000000000000000000e+00 1.314599999999999909e+03 4.200000000000000000e+01 4.200000000000000000e+02 6.608375298387329622e+01 4.774873958625066734e+02 1.573422690092221243e+00 1.136874752053587345e+00
7.177703715455169231e+01 2.190999999999999943e+02 3.000000000000000000e+00 1.314599999999999909e+03 8.400000000000000000e+01 4.200000000000000000e+02 9.642520761175532584e+01 4.948987532073161901e+02 1.147919138235182546e+00 1.178330364779324180e+00
4.599974581485973602e+01 2.190999999999999943e+02 3.000000000000000000e+00 1.314599999999999909e+03 6.900000000000000000e+01 6.900000000000000000e+02 1.090398591435549775e+02 7.659855068172309984e+02 1.580287813674709829e+00 1.110123922923523132e+00
6.666629828240540689e+01 2.190999999999999943e+02 3.000000000000000000e+00 1.314599999999999909e+03 1.000000000000000000e+02 6.900000000000000000e+02 1.578380021042424630e+02 7.821539485688913373e+02 1.578380021042424586e+00 1.133556447201291784e+00
