1.778000000000000114e+02 1.250000000000000000e+01 1.066799999999999955e+03 2.350000000000000000e+01 2.350000000000000000e+02 4.451525367646215869e+01 2.648216684842906261e+02 1.894266113892006720e+00 1.126900716954428283e+00
1.778000000000000114e+02 1.250000000000000000e+01 1.066799999999999955e+03 4.700000000000000000e+01 2.350000000000000000e+02 7.637640733267268445e+01 2.688206706089070508e+02 1.625029943248355035e+00 1.143917747271944840e+00
1.778000000000000114e+02 1.250000000000000000e+01 1.066799999999999955e+03 3.550000000000000000e+01 3.550000000000000000e+02 6.414941184418171360e+01 3.924368883913198829e+02 1.807025685751597610e+00 1.105456023637520824e+00
1.778000000000000114e+02 1.250000000000000000e+01 1.066799999999999955e+03 7.100000000000000000e+01 3.550000000000000000e+02 1.124422262646321684e+02 3.942958901451896736e+02 1.583693327670875561e+00 1.110692648296308871e+00
1.778000000000000114e+02 1.250000000000000000e+01 1.066799999999999955e+03 4.200000000000000000e+01 4.200000000000000000e+02 7.511555826483692044e+01 4.575161209716290500e+02 1.788465672972307630e+00 1.089324097551497728e+00
1.778000000000000114e+02 1.250000000000000000e+01 1.066799999999999955e+03 8.400000000000000000e+01 4.200000000000000000e+02 1.385297254264764604e+02 4.602384448833870465e+02 1.649163397934243491e+00 1.095805821150921622e+00
1.778000000000000114e+02 1.250000000000000000e+01 1.066799999999999955e+03 6.900000000000000000e+01 6.900000000000000000e+02 1.171016106246839712e+02 7.370306945150758793e+02 1.697124791662086629e+00 1.068160426833443255e+00
1.778000000000000114e+02 1.250000000000000000e+01 1.066799999999999955e+03 1.000000000000000000e+02 6.900000000000000000e+02 1.721690708764999727e+02 7.372072554016478989e+02 1.721690708764999744e+00 1.068416312176301286e+00
1.015999999999999943e+02 5.000000000000000000e+00 6.096000000000000227e+02 2.350000000000000000e+01 2.350000000000000000e+02 4.380506107158920770e+01 2.672100808508648697e+02 1.864045151982519410e+00 1.137064173833467473e+00
1.015999999999999943e+02 5.000000000000000000e+00 6.096000000000000227e+02 4.700000000000000000e+01 2.350000000000000000e+02 7.100533365694644772e+01 2.717274482506203412e+02 1.510751779935030736e+00 1.156287013832427046e+00
1.015999999999999943e+02 5.000000000000000000e+00 6.096000000000000227e+02 3.550000000000000000e+01 3.550000000000000000e+02 6.371422221978208000e+01 3.925560673404069121e+02 1.794766823092452945e+00 1.105791738987061734e+00
1.015999999999999943e+02 5.000000000000000000e+00 6.096000000000000227e+02 7.100000000000000000e+01 3.550000000000000000e+02 1.028533186377561321e+02 3.946950365063155459e+02 1.448638290672621620e+00 1.111817004243142337e+00
1.015999999999999943e+02 5.000000000000000000e+00 6.096000000000000227e+02 4.200000000000000000e+01 4.200000000000000000e+02 7.383323467562534859e+01 4.603735259930621169e+02 1.757934158943460723e+00 1.096127442840624022e+00
1.015999999999999943e+02 5.000000000000000000e+00 6.096000000000000227e+02 8.400000000000000000e+01 4.200000000000000000e+02 1.321092408484233829e+02 4.657058929980890412e+02 1.572729057719326029e+00 1.108823554757354835e+00
1.015999999999999943e+02 5.000000000000000000e+00 6.096000000000000227e+02 6.900000000000000000e+01 6.900000000000000000e+02 1.225842311136539706e+02 7.349694650415478918e+02 1.776583059618173532e+00 1.065173137741373788e+00
1.015999999999999943e+02 5.000000000000000000e+00 6.096000000000000227e+02 1.000000000000000000e+02 6.900000000000000000e+02 1.676600396421121388e+02 7.439830235032897008e+02 1.676600396421121353e+00 1.078236265946796557e+00
2.730000000000000000e+02 1.000000000000000000e+01 1.638000000000000000e+03 2.350000000000000000e+01 2.350000000000000000e+02 4.307913009405902471e+01 2.688713235068816516e+02 1.833154472087618059e+00 1.144133291518645290e+00
2.730000000000000000e+02 1.000000000000000000e+01 1.638000000000000000e+03 4.700000000000000000e+01 2.350000000000000000e+02 6.549851564313937047e+01 2.770570705818731199e+02 1.393585439215731192e+00 1.178966257795204697e+00
2.730000000000000000e+02 1.000000000000000000e+01 1.638000000000000000e+03 3.550000000000000000e+01 3.550000000000000000e+02 6.099237238327540211e+01 3.956981364023640708e+02 1.718094996711983180e+00 1.114642637753138210e+00
2.730000000000000000e+02 1.000000000000000000e+01 1.638000000000000000e+03 7.100000000000000000e+01 3.550000000000000000e+02 1.059474002932736454e+02 4.006856574266601001e+02 1.492216905539065497e+00 1.128691992751155171e+00
2.730000000000000000e+02 1.000000000000000000e+01 1.638000000000000000e+03 4.200000000000000000e+01 4.200000000000000000e+02 7.126381448087626325e+01 4.638793093274344983e+02 1.696757487639910966e+00 1.104474546017701231e+00
2.730000000000000000e+02 1.000000000000000000e+01 1.638000000000000000e+03 8.400000000000000000e+01 4.200000000000000000e+02 1.260040347263562523e+02 4.681354641704934352e+02 1.500048032456622105e+00 1.114608248024984372e+00
2.730000000000000000e+02 1.000000000000000000e+01 1.638000000000000000e+03 6.900000000000000000e+01 6.900000000000000000e+02 1.164579276786245856e+02 7.508855270894093792e+02 1.687796053313399769e+00 1.088239894332477364e+00
2.730000000000000000e+02 1.000000000000000000e+01 1.638000000000000000e+03 1.000000000000000000e+02 6.900000000000000000e+02 1.591863030982711109e+02 7.557099891065003021e+02 1.591863030982711091e+00 1.095231868270290398e+00
1.330000000000000000e+02 4.000000000000000000e+00 7.980000000000000000e+02 2.350000000000000000e+01 2.350000000000000000e+02 3.944488993081979800e+01 2.706830232398497742e+02 1.678505954502970132e+00 1.151842652084467122e+00
1.330000000000000000e+02 4.000000000000000000e+00 7.980000000000000000e+02 4.700000000000000000e+01 2.350000000000000000e+02 5.998644507054050479e+01 2.770410200158799512e+02 1.276307341926393724e+00 1.178897957514382755e+00
1.330000000000000000e+02 4.000000000000000000e+00 7.980000000000000000e+02 3.550000000000000000e+01 3.550000000000000000e+02 5.715672199155567768e+01 3.982431754369907253e+02 1.610048506804385271e+00 1.121811761794340168e+00
1.330000000000000000e+02 4.000000000000000000e+00 7.980000000000000000e+02 7.100000000000000000e+01 3.550000000000000000e+02 1.007956797391826171e+02 4.042777470095218177e+02 1.419657461115248154e+00 1.138810554956399379e+00
1.330000000000000000e+02 4.000000000000000000e+00 7.980000000000000000e+02 4.200000000000000000e+01 4.200000000000000000e+02 5.926993062067200668e+01 4.669937695846307406e+02 1.411188824301714551e+00 1.111889927582454085e+00
1.330000000000000000e+02 4.000000000000000000e+00 7.980000000000000000e+02 8.400000000000000000e+01 4.200000000000000000e+02 1.197514136837404664e+02 4.745689328448781339e+02 1.425612067663577065e+00 1.129926030583043195e+00
1.330000000000000000e+02 4.000000000000000000e+00 7.980000000000000000e+02 6.900000000000000000e+01 6.900000000000000000e+02 1.055267526742109681e+02 7.505162534838221973e+02 1.529373227162477811e+00 1.087704715193945182e+00
1.330000000000000000e+02 4.000000000000000000e+00 7.980000000000000000e+02 1.000000000000000000e+02 6.900000000000000000e+02 1.328406395102648787e+02 7.570733779219849566e+02 1.328406395102648796e+00 1.097207794089833266e+00
1.015999999999999943e+02 2.500000000000000000e+00 6.096000000000000227e+02 2.350000000000000000e+01 2.350000000000000000e+02 3.823615293230857759e+01 2.730191125978230389e+02 1.627070337545045930e+00 1.161783457863076796e+00
1.015999999999999943e+02 2.500000000000000000e+00 6.096000000000000227e+02 4.700000000000000000e+01 2.350000000000000000e+02 6.557169455461320240e+01 2.823823112416513368e+02 1.395142437332195895e+00 1.201626856347452588e+00
1.015999999999999943e+02 2.500000000000000000e+00 6.096000000000000227e+02 3.550000000000000000e+01 3.550000000000000000e+02 5.022523822903279012e+01 3.987140370481956779e+02 1.414795443071346304e+00 1.123138132530128619e+00
1.015999999999999943e+02 2.500000000000000000e+00 6.096000000000000227e+02 7.100000000000000000e+01 3.550000000000000000e+02 9.808595448782951109e+01 4.098397123271611235e+02 1.381492316729993064e+00 1.154478062893411705e+00
1.015999999999999943e+02 2.500000000000000000e+00 6.096000000000000227e+02 4.200000000000000000e+01 4.200000000000000000e+02 5.901346581102775701e+01 4.675149841795574730e+02 1.405082519310184797e+00 1.113130914713232000e+00
1.015999999999999943e+02 2.500000000000000000e+00 6.096000000000000227e+02 8.400000000000000000e+01 4.200000000000000000e+02 1.122118562587752280e+02 4.759803235739034903e+02 1.335855431652086089e+00 1.133286484699770114e+00
1.015999999999999943e+02 2.500000000000000000e+00 6.096000000000000227e+02 6.900000000000000000e+01 6.900000000000000000e+02 1.030828818381665855e+02 7.542615927953886512e+02 1.493954809248791094e+00 1.093132743181722599e+00
1.015999999999999943e+02 2.500000000000000000e+00 6.096000000000000227e+02 1.000000000000000000e+02 6.900000000000000000e+02 1.411439246173400477e+02 7.629026120566385316e+02 1.411439246173400441e+00 1.105655959502374719e+00
2.730000000000000000e+02 6.000000000000000000e+00 1.638000000000000000e+03 2.350000000000000000e+01 2.350000000000000000e+02 3.580267709721806568e+01 2.735293599442770187e+02 1.523518174349704823e+00 1.163954723167136329e+00
2.730000000000000000e+02 6.000000000000000000e+00 1.638000000000000000e+03 4.700000000000000000e+01 2.350000000000000000e+02 6.449906166878659519e+01 2.806477579142922423e+02 1.372320461038012640e+00 1.194245778358690391e+00
2.730000000000000000e+02 6.000000000000000000e+00 1.638000000000000000e+03 3.550000000000000000e+01 3.550000000000000000e+02 4.438224664605185410e+01 4.002763308183631921e+02 1.250204130874700059e+00 1.127538960051727379e+00
2.730000000000000000e+02 6.000000000000000000e+00 1.638000000000000000e+03 7.100000000000000000e+01 3.550000000000000000e+02 9.441692838238782315e+01 4.087345684711514195e+02 1.329815892709687697e+00 1.151364981608877347e+00
2.730000000000000000e+02 6.000000000000000000e+00 1.638000000000000000e+03 4.200000000000000000e+01 4.200000000000000000e+02 6.164834120634662185e+01 4.689557108447974088e+02 1.467817647770157663e+00 1.116561216297136783e+00
2.730000000000000000e+02 6.000000000000000000e+00 1.638000000000000000e+03 8.400000000000000000e+01 4.200000000000000000e+02 1.230449581165140529e+02 4.771987836149692725e+02 1.464820929958500662e+00 1.136187580035641131e+00
2.730000000000000000e+02 6.000000000000000000e+00 1.638000000000000000e+03 6.900000000000000000e+01 6.900000000000000000e+02 9.777841682937523160e+01 7.573994904579136573e+02 1.417078504773554126e+00 1.097680420953498048e+00
2.730000000000000000e+02 6.000000000000000000e+00 1.638000000000000000e+03 1.000000000000000000e+02 6.900000000000000000e+02 1.588713986874285524e+02 7.571553725614738823e+02 1.588713986874285444e+00 1.097326626900686719e+00
2.445000000000000000e+02 5.000000000000000000e+00 1.467000000000000000e+03 2.350000000000000000e+01 2.350000000000000000e+02 3.536243111051899746e+01 2.739576831005476834e+02 1.504784302575276511e+00 1.165777374895947682e+00
2.445000000000000000e+02 5.000000000000000000e+00 1.467000000000000000e+03 4.700000000000000000e+01 2.350000000000000000e+02 6.247629237081588371e+01 2.823333369510764896e+02 1.329282816400337852e+00 1.201418455110963679e+00
2.445000000000000000e+02 5.000000000000000000e+00 1.467000000000000000e+03 3.550000000000000000e+01 3.550000000000000000e+02 5.177719936682568402e+01 4.007901318695824671e+02 1.458512658220441738e+00 1.128986286956570328e+00
2.445000000000000000e+02 5.000000000000000000e+00 1.467000000000000000e+03 7.100000000000000000e+01 3.550000000000000000e+02 9.330467513654994605e+01 4.128302995914160647e+02 1.314150354035914736e+00 1.162902252370186185e+00
2.445000000000000000e+02 5.000000000000000000e+00 1.467000000000000000e+03 4.200000000000000000e+01 4.200000000000000000e+02 6.085641733147392785e+01 4.696181970883368422e+02 1.448962317416045975e+00 1.118138564496040210e+00
2.445000000000000000e+02 5.000000000000000000e+00 1.467000000000000000e+03 8.400000000000000000e+01 4.200000000000000000e+02 1.331135124259548377e+02 4.754138303374381849e+02 1.584684671737557560e+00 1.131937691279614633e+00
2.445000000000000000e+02 5.000000000000000000e+00 1.467000000000000000e+03 6.900000000000000000e+01 6.900000000000000000e+02 1.010189390178320394e+02 7.579869244125389969e+02 1.464042594461334001e+00 1.098531774510925985e+00
2.445000000000000000e+02 5.000000000000000000e+00 1.467000000000000000e+03 1.000000000000000000e+02 6.900000000000000000e+02 1.592907565241289944e+02 7.572676631119605872e+02 1.592907565241289847e+00 1.097489366828928281e+00
2.190999999999999943e+02 4.000000000000000000e+00 1.314599999999999909e+03 2.350000000000000000e+01 2.350000000000000000e+02 3.418744316907562109e+01 2.759873988895985804e+02 1.454784815705345569e+00 1.174414463359993999e+00
2.190999999999999943e+02 4.000000000000000000e+00 1.314599999999999909e+03 4.700000000000000000e+01 2.350000000000000000e+02 6.107481035001988801e+01 2.848759485278703210e+02 1.299464050000423088e+00 1.212238078842001299e+00
2.190999999999999943e+02 4.000000000000000000e+00 1.314599999999999909e+03 3.550000000000000000e+01 3.550000000000000000e+02 5.051302556858092174e+01 4.030518006338138548e+02 1.422902128692420387e+00 1.135357184883982740e+00
2.190999999999999943e+02 4.000000000000000000e+00 1.314599999999999909e+03 7.100000000000000000e+01 3.550000000000000000e+02 9.721738292008510030e+01 4.137584307250127722e+02 1.369258914367395885e+00 1.165516706267641700e+00
2.190999999999999943e+02 4.000000000000000000e+00 1.314599999999999909e+03 4.200000000000000000e+01 4.200000000000000000e+02 5.979029203815875348e+01 4.720160834151420772e+02 1.423578381860922670e+00 1.123847817655100112e+00
2.190999999999999943e+02 4.000000000000000000e+00 1.314599999999999909e+03 8.400000000000000000e+01 4.200000000000000000e+02 1.327911083341589915e+02 4.788588666881564109e+02 1.580846527787607148e+00 1.140140158781324686e+00
2.190999999999999943e+02 4.000000000000000000e+00 1.314599999999999909e+03 6.900000000000000000e+01 6.900000000000000000e+02 1.148379655459754076e+02 7.584871861670908402e+02 1.664318341246020294e+00 1.099256791546508571e+00
2.190999999999999943e+02 4.000000000000000000e+00 1.314599999999999909e+03 1.000000000000000000e+02 6.900000000000000000e+02 1.583386160114243353e+02 7.604299872781620024e+02 1.583386160114243379e+00 1.102072445330669614e+00
2.445000000000000000e+02 4.000000000000000000e+00 1.467000000000000000e+03 2.350000000000000000e+01 2.350000000000000000e+02 3.436706552488277566e+01 2.771849185532453248e+02 1.462428320207777688e+00 1.179510291715937464e+00
2.445000000000000000e+02 4.000000000000000000e+00 1.467000000000000000e+03 4.700000000000000000e+01 2.350000000000000000e+02 7.113524673146383748e+01 2.836060786999890979e+02 1.513515887903486012e+00 1.206834377446762030e+00
2.445000000000000000e+02 4.000000000000000000e+00 1.467000000000000000e+03 3.550000000000000000e+01 3.550000000000000000e+02 5.172773637075580666e+01 4.054807773254808581e+02 1.457119334387487530e+00 1.142199372747833452e+00
2.445000000000000000e+02 4.000000000000000000e+00 1.467000000000000000e+03 7.100000000000000000e+01 3.550000000000000000e+02 1.089684823277767265e+02 4.130403647534486140e+02 1.534767356729249688e+00 1.163493985220982019e+00
2.445000000000000000e+02 4.000000000000000000e+00 1.467000000000000000e+03 4.200000000000000000e+01 4.200000000000000000e+02 6.932689019333612634e+01 4.707549729557925957e+02 1.650640242698479199e+00 1.120845173704268172e+00
2.445000000000000000e+02 4.000000000000000000e+00 1.467000000000000000e+03 8.400000000000000000e+01 4.200000000000000000e+02 1.310068449656326948e+02 4.836259931801228049e+02 1.559605297209913033e+00 1.151490459952673406e+00
2.445000000000000000e+02 4.000000000000000000e+00 1.467000000000000000e+03 6.900000000000000000e+01 6.900000000000000000e+02 1.130450676829931353e+02 7.609452486801999385e+02 1.638334314246277401e+00 1.102819200985797110e+00
2.445000000000000000e+02 4.000000000000000000e+00 1.467000000000000000e+03 1.000000000000000000e+02 6.900000000000000000e+02 1.584713215572023159e+02 7.635239248765057027e+02 1.584713215572023159e+00 1.106556412864501127e+00
2.730000000000000000e+02 4.000000000000000000e+00 1.638000000000000000e+03 2.350000000000000000e+01 2.350000000000000000e+02 3.303847728242733695e+01 2.792653240706664519e+02 1.405892650316056924e+00 1.188363081151772027e+00
2.730000000000000000e+02 4.000000000000000000e+00 1.638000000000000000e+03 4.700000000000000000e+01 2.350000000000000000e+02 6.302611364652273096e+01 2.849417002003023640e+02 1.340981141415377165e+00 1.212517873192775930e+00
2.730000000000000000e+02 4.000000000000000000e+00 1.638000000000000000e+03 3.550000000000000000e+01 3.550000000000000000e+02 4.968227105411320821e+01 4.104428138732342290e+02 1.399500593073611521e+00 1.156176940487983806e+00
2.730000000000000000e+02 4.000000000000000000e+00 1.638000000000000000e+03 7.100000000000000000e+01 3.550000000000000000e+02 1.058414354839371327e+02 4.171917541616409721e+02 1.490724443435734292e+00 1.175188039891946312e+00
2.730000000000000000e+02 4.000000000000000000e+00 1.638000000000000000e+03 4.200000000000000000e+01 4.200000000000000000e+02 6.361974126394663642e+01 4.735971937173379729e+02 1.514755744379681746e+00 1.127612365993661880e+00
2.730000000000000000e+02 4.000000000000000000e+00 1.638000000000000000e+03 8.400000000000000000e+01 4.200000000000000000e+02 1.305772896230267577e+02 4.853114105768289619e+02 1.554491543131270914e+00 1.155503358516259516e+00
2.730000000000000000e+02 4.000000000000000000e+00 1.638000000000000000e+03 6.900000000000000000e+01 6.900000000000000000e+02 1.103108334139902382e+02 7.619451679505656330e+02 1.598707730637539681e+00 1.104268359348645756e+00
2.730000000000000000e+02 4.000000000000000000e+00 1.638000000000000000e+03 1.000000000000000000e+02 6.900000000000000000e+02 1.629644570696474659e+02 7.703751622840698019e+02 1.629644570696474615e+00 1.116485742440680884e+00
2.190999999999999943e+02 3.000000000000000000e+00 1.314599999999999909e+03 2.350000000000000000e+01 2.350000000000000000e+02 3.265342583193350379e+01 2.801132173448129379e+02 1.389507482209936251e+00 1.191971137637501954e+00
2.190999999999999943e+02 3.000000000000000000e+00 1.314599999999999909e+03 4.700000000000000000e+01 2.350000000000000000e+02 5.775534954652763275e+01 2.853568414304182284e+02 1.228837224394204952e+00 1.214284431618801063e+00
2.190999999999999943e+02 3.000000000000000000e+00 1.314599999999999909e+03 3.550000000000000000e+01 3.550000000000000000e+02 5.555322028534936152e+01 4.051834501717306125e+02 1.564879444657728547e+00 1.141361831469663635e+00
2.190999999999999943e+02 3.000000000000000000e+00 1.314599999999999909e+03 7.100000000000000000e+01 3.550000000000000000e+02 8.754253504325752999e+01 4.158028331332775451e+02 1.232993451313486366e+00 1.171275586290922766e+00
2.190999999999999943e+02 3.000000000000000000e+00 1.314599999999999909e+03 4.200000000000000000e+01 4.200000000000000000e+02 6.608955464330561824e+01 4.722827728989361162e+02 1.573560824840609884e+00 1.124482792616514626e+00
2.190999999999999943e+02 3.000000000000000000e+00 1.314599999999999909e+03 8.400000000000000000e+01 4.200000000000000000e+02 9.603277189892173737e+01 4.860137119983332354e+02 1.143247284510973127e+00 1.157175504757936180e+00
2.190999999999999943e+02 3.000000000000000000e+00 1.314599999999999909e+03 6.900000000000000000e+01 6.900000000000000000e+02 1.090511575912577769e+02 7.634958501889545914e+02 1.580451559293591046e+00 1.106515724911528498e+00
2.190999999999999943e+02 3.000000000000000000e+00 1.314599999999999909e+03 1.000000000000000000e+02 6.900000000000000000e+02 1.454504406163643182e+02 7.781834452740947654e+02 1.454504406163643182e+00 1.127802094600137250e+00
