4.330497395199783384e+00 1.778000000000000114e+02 1.250000000000000000e+01 1.066799999999999955e+03 2.350000000000000000e+01 2.350000000000000000e+02 4.704030188368863463e+01 2.372311790102700115e+02 2.001714973773984330e+00 1.009494378767106459e+00
8.660994790399566767e+00 1.778000000000000114e+02 1.250000000000000000e+01 1.066799999999999955e+03 4.700000000000000000e+01 2.350000000000000000e+02 7.601281103824797469e+01 2.354451729967621816e+02 1.617293851877616540e+00 1.001894353177711361e+00
5.322528886179431318e+00 1.778000000000000114e+02 1.250000000000000000e+01 1.066799999999999955e+03 3.550000000000000000e+01 3.550000000000000000e+02 6.372635288974185386e+01 3.638345464494553312e+02 1.795108532105404331e+00 1.024886046336493939e+00
1.064505777235886264e+01 1.778000000000000114e+02 1.250000000000000000e+01 1.066799999999999955e+03 7.100000000000000000e+01 3.550000000000000000e+02 1.060449594616314073e+02 3.640583815022244494e+02 1.493590978332836716e+00 1.025516567611899799e+00
5.789332534095639637e+00 1.778000000000000114e+02 1.250000000000000000e+01 1.066799999999999955e+03 4.200000000000000000e+01 4.200000000000000000e+02 7.166241592593539167e+01 4.198252441239891937e+02 1.706247998236557040e+00 9.995839145809266579e-01
1.157866506819127927e+01 1.778000000000000114e+02 1.250000000000000000e+01 1.066799999999999955e+03 8.400000000000000000e+01 4.200000000000000000e+02 1.230556624042025220e+02 4.203013910086452825e+02 1.464948361954791833e+00 1.000717597639631640e+00
7.420418439191857729e+00 1.778000000000000114e+02 1.250000000000000000e+01 1.066799999999999955e+03 6.900000000000000000e+01 6.900000000000000000e+02 1.000311077467407017e+02 6.727626292354225370e+02 1.449726199228126067e+00 9.750183032397428118e-01
1.075422962201718491e+01 1.778000000000000114e+02 1.250000000000000000e+01 1.066799999999999955e+03 1.000000000000000000e+02 6.900000000000000000e+02 1.324107928428844900e+02 6.749872613228077398e+02 1.324107928428844838e+00 9.782424077142141128e-01
6.657600888251725912e+00 1.015999999999999943e+02 5.000000000000000000e+00 6.096000000000000227e+02 2.350000000000000000e+01 2.350000000000000000e+02 4.419000420100978488e+01 2.377249276760676935e+02 1.880425710681267404e+00 1.011595436919437097e+00
1.331520177650345182e+01 1.015999999999999943e+02 5.000000000000000000e+00 6.096000000000000227e+02 4.700000000000000000e+01 2.350000000000000000e+02 7.269655798777274924e+01 2.352144147058513113e+02 1.546735276335590381e+00 1.000912403003622497e+00
8.182725864158816975e+00 1.015999999999999943e+02 5.000000000000000000e+00 6.096000000000000227e+02 3.550000000000000000e+01 3.550000000000000000e+02 6.013829638258915367e+01 3.630705593049237905e+02 1.694036517819412779e+00 1.022733969873024673e+00
1.636545172831763395e+01 1.015999999999999943e+02 5.000000000000000000e+00 6.096000000000000227e+02 7.100000000000000000e+01 3.550000000000000000e+02 1.015039799627268593e+02 3.648122548546262465e+02 1.429633520601786723e+00 1.027640154520073956e+00
8.900378387042442441e+00 1.015999999999999943e+02 5.000000000000000000e+00 6.096000000000000227e+02 4.200000000000000000e+01 4.200000000000000000e+02 6.887468673016648779e+01 4.244752856794064542e+02 1.639873493575392471e+00 1.010655442093824963e+00
1.780075677408488488e+01 1.015999999999999943e+02 5.000000000000000000e+00 6.096000000000000227e+02 8.400000000000000000e+01 4.200000000000000000e+02 1.171866259260880554e+02 4.249663740470072071e+02 1.395078880072476935e+00 1.011824700111921826e+00
1.140797000518321980e+01 1.015999999999999943e+02 5.000000000000000000e+00 6.096000000000000227e+02 6.900000000000000000e+01 6.900000000000000000e+02 9.899177081970526615e+01 6.804114949979831408e+02 1.434663345213119889e+00 9.861036159391060041e-01
1.653328986258437894e+01 1.015999999999999943e+02 5.000000000000000000e+00 6.096000000000000227e+02 1.000000000000000000e+02 6.900000000000000000e+02 1.333766514209561365e+02 6.808360932772757224e+02 1.333766514209561382e+00 9.867189757641676717e-01
9.327370620340570184e+00 2.730000000000000000e+02 1.000000000000000000e+01 1.638000000000000000e+03 2.350000000000000000e+01 2.350000000000000000e+02 4.059503926178052069e+01 2.381937847035485731e+02 1.727448479224702904e+00 1.013590573206589740e+00
1.865474124068114037e+01 2.730000000000000000e+02 1.000000000000000000e+01 1.638000000000000000e+03 4.700000000000000000e+01 2.350000000000000000e+02 6.868251566821756171e+01 2.351588471524462989e+02 1.461330120600373705e+00 1.000675945329558614e+00
1.146408715402857403e+01 2.730000000000000000e+02 1.000000000000000000e+01 1.638000000000000000e+03 3.550000000000000000e+01 3.550000000000000000e+02 5.583080984461164320e+01 3.637847857971473218e+02 1.572698868862299815e+00 1.024745875484922131e+00
2.292817430805714807e+01 2.730000000000000000e+02 1.000000000000000000e+01 1.638000000000000000e+03 7.100000000000000000e+01 3.550000000000000000e+02 9.908771531630087281e+01 3.661564525932741390e+02 1.395601624173251620e+00 1.031426627023307452e+00
1.246952607563323312e+01 2.730000000000000000e+02 1.000000000000000000e+01 1.638000000000000000e+03 4.200000000000000000e+01 4.200000000000000000e+02 6.540696177040247505e+01 4.248522950751596454e+02 1.557308613581011247e+00 1.011553083512284790e+00
2.493905215126646624e+01 2.730000000000000000e+02 1.000000000000000000e+01 1.638000000000000000e+03 8.400000000000000000e+01 4.200000000000000000e+02 1.165902694012548011e+02 4.217455178042067132e+02 1.387979397633985812e+00 1.004155994771920746e+00
1.598268896710847464e+01 2.730000000000000000e+02 1.000000000000000000e+01 1.638000000000000000e+03 6.900000000000000000e+01 6.900000000000000000e+02 9.716440774536037850e+01 6.823954237091664936e+02 1.408179822396527170e+00 9.889788749408210400e-01
2.316331734363546957e+01 2.730000000000000000e+02 1.000000000000000000e+01 1.638000000000000000e+03 1.000000000000000000e+02 6.900000000000000000e+02 1.334730423587160999e+02 6.802158070478035370e+02 1.334730423587161097e+00 9.858200102142080645e-01
1.160497646920110881e+01 1.330000000000000000e+02 4.000000000000000000e+00 7.980000000000000000e+02 2.350000000000000000e+01 2.350000000000000000e+02 3.844556742719230158e+01 2.389338071301210107e+02 1.635981592646480909e+00 1.016739604809025588e+00
2.320995293840221763e+01 1.330000000000000000e+02 4.000000000000000000e+00 7.980000000000000000e+02 4.700000000000000000e+01 2.350000000000000000e+02 6.355005524676747797e+01 2.340891973936964803e+02 1.352128835037605947e+00 9.961242442284956589e-01
1.426344755436710798e+01 1.330000000000000000e+02 4.000000000000000000e+00 7.980000000000000000e+02 3.550000000000000000e+01 3.550000000000000000e+02 5.497533176675798217e+01 3.648903366496510330e+02 1.548600894838253028e+00 1.027860103238453560e+00
2.852689510873421597e+01 1.330000000000000000e+02 4.000000000000000000e+00 7.980000000000000000e+02 7.100000000000000000e+01 3.550000000000000000e+02 9.374397404040077220e+01 3.664810166573523702e+02 1.320337662540856050e+00 1.032340891992541865e+00
1.551439977888747812e+01 1.330000000000000000e+02 4.000000000000000000e+00 7.980000000000000000e+02 4.200000000000000000e+01 4.200000000000000000e+02 6.365638638044477204e+01 4.259200563072471368e+02 1.515628247153447017e+00 1.014095372160112252e+00
3.102879955777495624e+01 1.330000000000000000e+02 4.000000000000000000e+00 7.980000000000000000e+02 8.400000000000000000e+01 4.200000000000000000e+02 1.095397068852794433e+02 4.226708638212945743e+02 1.304044129586660050e+00 1.006359199574510921e+00
1.988542504930308041e+01 1.330000000000000000e+02 4.000000000000000000e+00 7.980000000000000000e+02 6.900000000000000000e+01 6.900000000000000000e+02 9.602720921052682002e+01 6.875614972297711347e+02 1.391698684210533665e+00 9.964659380141610567e-01
2.881945659319287145e+01 1.330000000000000000e+02 4.000000000000000000e+00 7.980000000000000000e+02 1.000000000000000000e+02 6.900000000000000000e+02 1.340529448877612140e+02 6.886077061139948228e+02 1.340529448877612051e+00 9.979821827739054907e-01
1.443492492477201772e+01 1.015999999999999943e+02 2.500000000000000000e+00 6.096000000000000227e+02 2.350000000000000000e+01 2.350000000000000000e+02 3.606943944536838842e+01 2.385861351118723803e+02 1.534869763632697337e+00 1.015260149412222868e+00
2.886984984954403544e+01 1.015999999999999943e+02 2.500000000000000000e+00 6.096000000000000227e+02 4.700000000000000000e+01 2.350000000000000000e+02 5.943004791224951333e+01 2.334593360580595913e+02 1.264469104515947073e+00 9.934439832257855318e-01
1.774168135214546638e+01 1.015999999999999943e+02 2.500000000000000000e+00 6.096000000000000227e+02 3.550000000000000000e+01 3.550000000000000000e+02 5.271213364596247430e+01 3.639439266287793657e+02 1.484848835097534403e+00 1.025194159517688330e+00
3.548336270429093275e+01 1.015999999999999943e+02 2.500000000000000000e+00 6.096000000000000227e+02 7.100000000000000000e+01 3.550000000000000000e+02 8.673641373239334484e+01 3.624215077120142041e+02 1.221639630033709123e+00 1.020905655526800571e+00
1.929768635511564057e+01 1.015999999999999943e+02 2.500000000000000000e+00 6.096000000000000227e+02 4.200000000000000000e+01 4.200000000000000000e+02 6.137788311266228192e+01 4.253475246518227095e+02 1.461378169349101919e+00 1.012732201551958866e+00
3.859537271023128113e+01 1.015999999999999943e+02 2.500000000000000000e+00 6.096000000000000227e+02 8.400000000000000000e+01 4.200000000000000000e+02 1.020520479735139219e+02 4.163434274651233977e+02 1.214905333018022837e+00 9.912938749169604158e-01
2.473461436528282320e+01 1.015999999999999943e+02 2.500000000000000000e+00 6.096000000000000227e+02 6.900000000000000000e+01 6.900000000000000000e+02 9.579877875951791566e+01 6.887998307630303998e+02 1.388388097964027734e+00 9.982606242942470010e-01
3.584726719606206302e+01 1.015999999999999943e+02 2.500000000000000000e+00 6.096000000000000227e+02 1.000000000000000000e+02 6.900000000000000000e+02 1.325029419546538065e+02 6.925675765399581678e+02 1.325029419546537968e+00 1.003721125420229177e+00
1.629642877052321737e+01 2.730000000000000000e+02 6.000000000000000000e+00 1.638000000000000000e+03 2.350000000000000000e+01 2.350000000000000000e+02 3.470152376542203854e+01 2.383069671514852246e+02 1.476660585762640032e+00 1.014072200644617894e+00
3.259285754104643473e+01 2.730000000000000000e+02 6.000000000000000000e+00 1.638000000000000000e+03 4.700000000000000000e+01 2.350000000000000000e+02 5.689856334125784088e+01 2.316791049567969480e+02 1.210607730665060444e+00 9.858685317310508234e-01
2.002961899222520969e+01 2.730000000000000000e+02 6.000000000000000000e+00 1.638000000000000000e+03 3.550000000000000000e+01 3.550000000000000000e+02 5.149090464480600104e+01 3.635464255897509247e+02 1.450448018163549291e+00 1.024074438280988542e+00
4.005923798445041939e+01 2.730000000000000000e+02 6.000000000000000000e+00 1.638000000000000000e+03 7.100000000000000000e+01 3.550000000000000000e+02 8.359369409143531016e+01 3.570312045569030488e+02 1.177375973118807151e+00 1.005721702977191656e+00
2.178628380549105970e+01 2.730000000000000000e+02 6.000000000000000000e+00 1.638000000000000000e+03 4.200000000000000000e+01 4.200000000000000000e+02 6.032611187973267874e+01 4.258576446024763413e+02 1.436335997136492404e+00 1.013946772863038914e+00
4.357256761098211939e+01 2.730000000000000000e+02 6.000000000000000000e+00 1.638000000000000000e+03 8.400000000000000000e+01 4.200000000000000000e+02 9.814411674901228366e+01 4.127766429515235131e+02 1.168382342250146255e+00 9.828015308369607572e-01
2.792434898490184736e+01 2.730000000000000000e+02 6.000000000000000000e+00 1.638000000000000000e+03 6.900000000000000000e+01 6.900000000000000000e+02 9.481403422074065190e+01 6.905536495806403536e+02 1.374116437981748540e+00 1.000802390696580169e+00
4.047007099261136887e+01 2.730000000000000000e+02 6.000000000000000000e+00 1.638000000000000000e+03 1.000000000000000000e+02 6.900000000000000000e+02 1.269656792786332176e+02 6.984936777497904359e+02 1.269656792786332256e+00 1.012309677898246996e+00
1.759884279231388859e+01 2.445000000000000000e+02 5.000000000000000000e+00 1.467000000000000000e+03 2.350000000000000000e+01 2.350000000000000000e+02 3.383397866490950179e+01 2.381805872557135331e+02 1.439743772974872327e+00 1.013534413854100036e+00
3.519768558462777719e+01 2.445000000000000000e+02 5.000000000000000000e+00 1.467000000000000000e+03 4.700000000000000000e+01 2.350000000000000000e+02 5.574384982247769216e+01 2.327435381745150949e+02 1.186039357925057214e+00 9.903980347851706334e-01
2.163039036329912435e+01 2.445000000000000000e+02 5.000000000000000000e+00 1.467000000000000000e+03 3.550000000000000000e+01 3.550000000000000000e+02 5.078815592296079018e+01 3.645806823256869507e+02 1.430652279520022274e+00 1.026987837537146397e+00
4.326078072659824869e+01 2.445000000000000000e+02 5.000000000000000000e+00 1.467000000000000000e+03 7.100000000000000000e+01 3.550000000000000000e+02 8.214119106103780155e+01 3.528841810609278014e+02 1.156918183958278945e+00 9.940399466505008830e-01
2.352744819865592873e+01 2.445000000000000000e+02 5.000000000000000000e+00 1.467000000000000000e+03 4.200000000000000000e+01 4.200000000000000000e+02 5.964793192001752686e+01 4.274693316883661964e+02 1.420188855238512460e+00 1.017784123067538626e+00
4.705489639731185747e+01 2.445000000000000000e+02 5.000000000000000000e+00 1.467000000000000000e+03 8.400000000000000000e+01 4.200000000000000000e+02 9.650449572495347184e+01 4.151466854301216358e+02 1.148863044344684115e+00 9.884444891193372440e-01
3.015606884079421235e+01 2.445000000000000000e+02 5.000000000000000000e+00 1.467000000000000000e+03 6.900000000000000000e+01 6.900000000000000000e+02 9.440269862258540456e+01 6.923981461310740997e+02 1.368155052501237812e+00 1.003475574103005918e+00
4.370444759535393331e+01 2.445000000000000000e+02 5.000000000000000000e+00 1.467000000000000000e+03 1.000000000000000000e+02 6.900000000000000000e+02 1.239385337394009383e+02 7.009605509873811116e+02 1.239385337394009357e+00 1.015884856503450839e+00
1.984951979738589145e+01 2.190999999999999943e+02 4.000000000000000000e+00 1.314599999999999909e+03 2.350000000000000000e+01 2.350000000000000000e+02 3.330892740772438287e+01 2.373965524929725461e+02 1.417401166286143877e+00 1.010198095714776700e+00
3.969903959477178290e+01 2.190999999999999943e+02 4.000000000000000000e+00 1.314599999999999909e+03 4.700000000000000000e+01 2.350000000000000000e+02 5.348466629221614710e+01 2.330003177499701223e+02 1.137971623238641428e+00 9.914907138296601419e-01
2.439665305317724986e+01 2.190999999999999943e+02 4.000000000000000000e+00 1.314599999999999909e+03 3.550000000000000000e+01 3.550000000000000000e+02 4.960063863910482951e+01 3.649924499055962883e+02 1.397201088425488180e+00 1.028147746212947355e+00
4.879330610635449972e+01 2.190999999999999943e+02 4.000000000000000000e+00 1.314599999999999909e+03 7.100000000000000000e+01 3.550000000000000000e+02 7.939494832194648666e+01 3.627725740482751462e+02 1.118238708759809574e+00 1.021894574783873688e+00
2.653632141115285137e+01 2.190999999999999943e+02 4.000000000000000000e+00 1.314599999999999909e+03 4.200000000000000000e+01 4.200000000000000000e+02 5.847283364768993863e+01 4.282825333578329605e+02 1.392210324944998634e+00 1.019720317518649999e+00
5.307264282230570274e+01 2.190999999999999943e+02 4.000000000000000000e+00 1.314599999999999909e+03 8.400000000000000000e+01 4.200000000000000000e+02 9.359269643627702351e+01 4.210155247387187387e+02 1.114198767098536047e+00 1.002417916044568535e+00
3.401266165796434393e+01 2.190999999999999943e+02 4.000000000000000000e+00 1.314599999999999909e+03 6.900000000000000000e+01 6.900000000000000000e+02 9.389024697573776734e+01 6.961046662312588751e+02 1.360728217039677723e+00 1.008847342364143307e+00
4.929371254777441180e+01 2.190999999999999943e+02 4.000000000000000000e+00 1.314599999999999909e+03 1.000000000000000000e+02 6.900000000000000000e+02 1.196889658629573745e+02 7.025381146877670062e+02 1.196889658629573638e+00 1.018171180706908707e+00
2.228235853183522153e+01 2.445000000000000000e+02 4.000000000000000000e+00 1.467000000000000000e+03 2.350000000000000000e+01 2.350000000000000000e+02 3.234233619542916927e+01 2.370743802908162650e+02 1.376269625337411373e+00 1.008827150173686293e+00
4.456471706367044305e+01 2.445000000000000000e+02 4.000000000000000000e+00 1.467000000000000000e+03 4.700000000000000000e+01 2.350000000000000000e+02 5.223502769101054355e+01 2.331068625827410585e+02 1.111383567893841295e+00 9.919440960967704779e-01
2.738680712967574493e+01 2.445000000000000000e+02 4.000000000000000000e+00 1.467000000000000000e+03 3.550000000000000000e+01 3.550000000000000000e+02 4.866101788912106230e+01 3.659211211964372978e+02 1.370732898285100365e+00 1.030763721680105105e+00
5.477361425935148986e+01 2.445000000000000000e+02 4.000000000000000000e+00 1.467000000000000000e+03 7.100000000000000000e+01 3.550000000000000000e+02 7.922659637743754502e+01 3.623993342290670512e+02 1.115867554611796431e+00 1.020843195011456483e+00
2.978872203634841398e+01 2.445000000000000000e+02 4.000000000000000000e+00 1.467000000000000000e+03 4.200000000000000000e+01 4.200000000000000000e+02 5.762701993659386090e+01 4.279641464735353225e+02 1.372071903252234826e+00 1.018962253508417515e+00
5.957744407269682796e+01 2.445000000000000000e+02 4.000000000000000000e+00 1.467000000000000000e+03 8.400000000000000000e+01 4.200000000000000000e+02 9.284112947774890756e+01 4.198083791956086657e+02 1.105251541401772730e+00 9.995437599895444780e-01
3.818139327403661554e+01 2.445000000000000000e+02 4.000000000000000000e+00 1.467000000000000000e+03 6.900000000000000000e+01 6.900000000000000000e+02 9.100583411098423881e+01 7.001179599783419008e+02 1.318925132043249793e+00 1.014663710113538952e+00
5.533535257106755978e+01 2.445000000000000000e+02 4.000000000000000000e+00 1.467000000000000000e+03 1.000000000000000000e+02 6.900000000000000000e+02 1.159160075660073232e+02 6.978105895310337701e+02 1.159160075660073286e+00 1.011319694972512728e+00
2.501228775230443446e+01 2.730000000000000000e+02 4.000000000000000000e+00 1.638000000000000000e+03 2.350000000000000000e+01 2.350000000000000000e+02 3.150251319665836292e+01 2.364814601451714111e+02 1.340532476453547339e+00 1.006304085724133657e+00
5.002457550460886893e+01 2.730000000000000000e+02 4.000000000000000000e+00 1.638000000000000000e+03 4.700000000000000000e+01 2.350000000000000000e+02 5.160727905974373897e+01 2.333195748399622858e+02 1.098027214037100796e+00 9.928492546381373351e-01
3.074210925946777451e+01 2.730000000000000000e+02 4.000000000000000000e+00 1.638000000000000000e+03 3.550000000000000000e+01 3.550000000000000000e+02 4.699280361147059892e+01 3.661332672087749529e+02 1.323740946801988727e+00 1.031361316081056190e+00
6.148421851893554901e+01 2.730000000000000000e+02 4.000000000000000000e+00 1.638000000000000000e+03 7.100000000000000000e+01 3.550000000000000000e+02 7.802426726494164200e+01 3.621736072123470649e+02 1.098933341759741333e+00 1.020207344260132487e+00
3.343829542469855909e+01 2.730000000000000000e+02 4.000000000000000000e+00 1.638000000000000000e+03 4.200000000000000000e+01 4.200000000000000000e+02 5.458607146794586384e+01 4.272407223477662228e+02 1.299668368284425224e+00 1.017239815113729184e+00
6.687659084939711818e+01 2.730000000000000000e+02 4.000000000000000000e+00 1.638000000000000000e+03 8.400000000000000000e+01 4.200000000000000000e+02 9.153195910165085536e+01 4.200290897228761651e+02 1.089666179781557886e+00 1.000069261244943331e+00
4.285919706343801039e+01 2.730000000000000000e+02 4.000000000000000000e+00 1.638000000000000000e+03 6.900000000000000000e+01 6.900000000000000000e+02 8.705204376459995785e+01 6.980190845553422605e+02 1.261623822675361772e+00 1.011621861674409040e+00
6.211477835280869897e+01 2.730000000000000000e+02 4.000000000000000000e+00 1.638000000000000000e+03 1.000000000000000000e+02 6.900000000000000000e+02 1.124284879193806717e+02 6.760067419435072225e+02 1.124284879193806708e+00 9.797199158601553881e-01
2.684508711516770418e+01 2.190999999999999943e+02 3.000000000000000000e+00 1.314599999999999909e+03 2.350000000000000000e+01 2.350000000000000000e+02 3.093973477979126585e+01 2.359548323829887408e+02 1.316584458714521899e+00 1.004063116523356447e+00
5.369017423033540837e+01 2.190999999999999943e+02 3.000000000000000000e+00 1.314599999999999909e+03 4.700000000000000000e+01 2.350000000000000000e+02 5.079311837942564267e+01 2.335169994576990291e+02 1.080704646370758359e+00 9.936893593944639003e-01
3.299476678611223690e+01 2.190999999999999943e+02 3.000000000000000000e+00 1.314599999999999909e+03 3.550000000000000000e+01 3.550000000000000000e+02 4.538806078019024426e+01 3.664363499854487713e+02 1.278536923385640733e+00 1.032215070381545807e+00
6.598953357222447380e+01 2.190999999999999943e+02 3.000000000000000000e+00 1.314599999999999909e+03 7.100000000000000000e+01 3.550000000000000000e+02 7.671086302507163168e+01 3.609765300607306244e+02 1.080434690493966565e+00 1.016835295945720086e+00
3.588851857727584616e+01 2.190999999999999943e+02 3.000000000000000000e+00 1.314599999999999909e+03 4.200000000000000000e+01 4.200000000000000000e+02 5.330819829455182912e+01 4.275003430783332306e+02 1.269242816536948260e+00 1.017857959710317228e+00
7.177703715455169231e+01 2.190999999999999943e+02 3.000000000000000000e+00 1.314599999999999909e+03 8.400000000000000000e+01 4.200000000000000000e+02 9.042483087175327228e+01 4.208204839308594956e+02 1.076486081806586670e+00 1.001953533168713051e+00
4.599974581485973602e+01 2.190999999999999943e+02 3.000000000000000000e+00 1.314599999999999909e+03 6.900000000000000000e+01 6.900000000000000000e+02 8.506076322562374514e+01 6.984097658971497822e+02 1.232764684429329627e+00 1.012188066517608398e+00
6.666629828240540689e+01 2.190999999999999943e+02 3.000000000000000000e+00 1.314599999999999909e+03 1.000000000000000000e+02 6.900000000000000000e+02 1.121735952905682296e+02 6.965497153338753833e+02 1.121735952905682288e+00 1.009492341063587428e+00
