4.330497395199783384e+00 1.778000000000000114e+02 1.250000000000000000e+01 1.066799999999999955e+03 2.350000000000000000e+01 2.350000000000000000e+02 4.460102628922476242e+01 2.222608162628837363e+02 1.897916012307436784e+00 9.457907075016329657e-01
8.660994790399566767e+00 1.778000000000000114e+02 1.250000000000000000e+01 1.066799999999999955e+03 4.700000000000000000e+01 2.350000000000000000e+02 7.200736882534258143e+01 2.210362534272451853e+02 1.532071677134948517e+00 9.405798018180646647e-01
5.322528886179431318e+00 1.778000000000000114e+02 1.250000000000000000e+01 1.066799999999999955e+03 3.550000000000000000e+01 3.550000000000000000e+02 6.145603949160364721e+01 3.407211211343833384e+02 1.731156042017004237e+00 9.597778060123474120e-01
1.064505777235886264e+01 1.778000000000000114e+02 1.250000000000000000e+01 1.066799999999999955e+03 7.100000000000000000e+01 3.550000000000000000e+02 1.001525868751903801e+02 3.419366529308371128e+02 1.410599815143526392e+00 9.632018392417946995e-01
5.789332534095639637e+00 1.778000000000000114e+02 1.250000000000000000e+01 1.066799999999999955e+03 4.200000000000000000e+01 4.200000000000000000e+02 7.025620794844172678e+01 3.915636859847695064e+02 1.672766855915279294e+00 9.322944904399274035e-01
1.157866506819127927e+01 1.778000000000000114e+02 1.250000000000000000e+01 1.066799999999999955e+03 8.400000000000000000e+01 4.200000000000000000e+02 1.142970150979026300e+02 3.933933238915518587e+02 1.360678751165507405e+00 9.366507711703615513e-01
7.420418439191857729e+00 1.778000000000000114e+02 1.250000000000000000e+01 1.066799999999999955e+03 6.900000000000000000e+01 6.900000000000000000e+02 1.072633954999786283e+02 6.429776339760102246e+02 1.554541963767806179e+00 9.318516434434930273e-01
1.075422962201718491e+01 1.778000000000000114e+02 1.250000000000000000e+01 1.066799999999999955e+03 1.000000000000000000e+02 6.900000000000000000e+02 1.375098079137896434e+02 6.464347694240727833e+02 1.375098079137896390e+00 9.368619846725692035e-01
6.657600888251725912e+00 1.015999999999999943e+02 5.000000000000000000e+00 6.096000000000000227e+02 2.350000000000000000e+01 2.350000000000000000e+02 4.144956513950967292e+01 2.231169245484738326e+02 1.763811282532326441e+00 9.494337214828674210e-01
1.331520177650345182e+01 1.015999999999999943e+02 5.000000000000000000e+00 6.096000000000000227e+02 4.700000000000000000e+01 2.350000000000000000e+02 6.789158421714492420e+01 2.224611983139124618e+02 1.444501791854147399e+00 9.466433970804785103e-01
8.182725864158816975e+00 1.015999999999999943e+02 5.000000000000000000e+00 6.096000000000000227e+02 3.550000000000000000e+01 3.550000000000000000e+02 5.792646179918344984e+01 3.420729807760172889e+02 1.631731318286857801e+00 9.635858613408937456e-01
1.636545172831763395e+01 1.015999999999999943e+02 5.000000000000000000e+00 6.096000000000000227e+02 7.100000000000000000e+01 3.550000000000000000e+02 9.665865172464798150e+01 3.434084981135787871e+02 1.361389460910535032e+00 9.673478820100810394e-01
8.900378387042442441e+00 1.015999999999999943e+02 5.000000000000000000e+00 6.096000000000000227e+02 4.200000000000000000e+01 4.200000000000000000e+02 6.637254668064912266e+01 3.919730432883550293e+02 1.580298730491645820e+00 9.332691506865595787e-01
1.780075677408488488e+01 1.015999999999999943e+02 5.000000000000000000e+00 6.096000000000000227e+02 8.400000000000000000e+01 4.200000000000000000e+02 1.109180986837783394e+02 3.934057075444510474e+02 1.320453555759266040e+00 9.366802560582168091e-01
1.140797000518321980e+01 1.015999999999999943e+02 5.000000000000000000e+00 6.096000000000000227e+02 6.900000000000000000e+01 6.900000000000000000e+02 1.020097140860730320e+02 6.234150950825277278e+02 1.478401653421348216e+00 9.035001378007647688e-01
1.653328986258437894e+01 1.015999999999999943e+02 5.000000000000000000e+00 6.096000000000000227e+02 1.000000000000000000e+02 6.900000000000000000e+02 1.334178550389853513e+02 6.380927985959658599e+02 1.334178550389853557e+00 9.247721718782113687e-01
9.327370620340570184e+00 2.730000000000000000e+02 1.000000000000000000e+01 1.638000000000000000e+03 2.350000000000000000e+01 2.350000000000000000e+02 3.871200624263503443e+01 2.229507337842993024e+02 1.647319414580214136e+00 9.487265267416991055e-01
1.865474124068114037e+01 2.730000000000000000e+02 1.000000000000000000e+01 1.638000000000000000e+03 4.700000000000000000e+01 2.350000000000000000e+02 6.348303756890459937e+01 2.223189912910504233e+02 1.350702926997970232e+00 9.460382608129804805e-01
1.146408715402857403e+01 2.730000000000000000e+02 1.000000000000000000e+01 1.638000000000000000e+03 3.550000000000000000e+01 3.550000000000000000e+02 5.504207220106049192e+01 3.412604527083132098e+02 1.550480907072126602e+00 9.612970498825724741e-01
2.292817430805714807e+01 2.730000000000000000e+02 1.000000000000000000e+01 1.638000000000000000e+03 7.100000000000000000e+01 3.550000000000000000e+02 9.248678505146087048e+01 3.436158275863163567e+02 1.302630775372688232e+00 9.679319086938489303e-01
1.246952607563323312e+01 2.730000000000000000e+02 1.000000000000000000e+01 1.638000000000000000e+03 4.200000000000000000e+01 4.200000000000000000e+02 6.352682730617330265e+01 3.927577597318521043e+02 1.512543507289840550e+00 9.351375231710764568e-01
2.493905215126646624e+01 2.730000000000000000e+02 1.000000000000000000e+01 1.638000000000000000e+03 8.400000000000000000e+01 4.200000000000000000e+02 1.080326624472374561e+02 3.885917022422713671e+02 1.286103124371874573e+00 9.252183386720747027e-01
1.598268896710847464e+01 2.730000000000000000e+02 1.000000000000000000e+01 1.638000000000000000e+03 6.900000000000000000e+01 6.900000000000000000e+02 9.801479038415094180e+01 6.214924804023154365e+02 1.420504208465955598e+00 9.007137397135006607e-01
2.316331734363546957e+01 2.730000000000000000e+02 1.000000000000000000e+01 1.638000000000000000e+03 1.000000000000000000e+02 6.900000000000000000e+02 1.303018364793567230e+02 6.286785605491402293e+02 1.303018364793567141e+00 9.111283486219423633e-01
1.160497646920110881e+01 1.330000000000000000e+02 4.000000000000000000e+00 7.980000000000000000e+02 2.350000000000000000e+01 2.350000000000000000e+02 3.685429392823774464e+01 2.220105117231356076e+02 1.568267826733521053e+00 9.447255818005770855e-01
2.320995293840221763e+01 1.330000000000000000e+02 4.000000000000000000e+00 7.980000000000000000e+02 4.700000000000000000e+01 2.350000000000000000e+02 5.828096872950764151e+01 2.214062257590477998e+02 1.240020611266120065e+00 9.421541521661608298e-01
1.426344755436710798e+01 1.330000000000000000e+02 4.000000000000000000e+00 7.980000000000000000e+02 3.550000000000000000e+01 3.550000000000000000e+02 5.288793167105839643e+01 3.403332744459665946e+02 1.489800892142490119e+00 9.586852801294833970e-01
2.852689510873421597e+01 1.330000000000000000e+02 4.000000000000000000e+00 7.980000000000000000e+02 7.100000000000000000e+01 3.550000000000000000e+02 8.572996886975805353e+01 3.442599700427327321e+02 1.207464350278282472e+00 9.697463944865710728e-01
1.551439977888747812e+01 1.330000000000000000e+02 4.000000000000000000e+00 7.980000000000000000e+02 4.200000000000000000e+01 4.200000000000000000e+02 6.163217306045704902e+01 3.925099980130759150e+02 1.467432691915643961e+00 9.345476143168474081e-01
3.102879955777495624e+01 1.330000000000000000e+02 4.000000000000000000e+00 7.980000000000000000e+02 8.400000000000000000e+01 4.200000000000000000e+02 1.002058204175466756e+02 3.929638217840312677e+02 1.192926433542222275e+00 9.356281471048363274e-01
1.988542504930308041e+01 1.330000000000000000e+02 4.000000000000000000e+00 7.980000000000000000e+02 6.900000000000000000e+01 6.900000000000000000e+02 9.600568461209132920e+01 6.252978878220367278e+02 1.391386733508569895e+00 9.062288229304880094e-01
2.881945659319287145e+01 1.330000000000000000e+02 4.000000000000000000e+00 7.980000000000000000e+02 1.000000000000000000e+02 6.900000000000000000e+02 1.284454712659991742e+02 6.265235609978811908e+02 1.284454712659991671e+00 9.080051608664945206e-01
1.443492492477201772e+01 1.015999999999999943e+02 2.500000000000000000e+00 6.096000000000000227e+02 2.350000000000000000e+01 2.350000000000000000e+02 3.503794825544405711e+01 2.209165088471482932e+02 1.490976521508257768e+00 9.400702504133969795e-01
2.886984984954403544e+01 1.015999999999999943e+02 2.500000000000000000e+00 6.096000000000000227e+02 4.700000000000000000e+01 2.350000000000000000e+02 5.366610915508073987e+01 2.209776889849665338e+02 1.141832109682568985e+00 9.403305914253895503e-01
1.774168135214546638e+01 1.015999999999999943e+02 2.500000000000000000e+00 6.096000000000000227e+02 3.550000000000000000e+01 3.550000000000000000e+02 5.095003887041008284e+01 3.381247037905978914e+02 1.435212362546762987e+00 9.524639543397123154e-01
3.548336270429093275e+01 1.015999999999999943e+02 2.500000000000000000e+00 6.096000000000000227e+02 7.100000000000000000e+01 3.550000000000000000e+02 7.928421210401430130e+01 3.413140297398317102e+02 1.116679043718511233e+00 9.614479710981175264e-01
1.929768635511564057e+01 1.015999999999999943e+02 2.500000000000000000e+00 6.096000000000000227e+02 4.200000000000000000e+01 4.200000000000000000e+02 5.959063277980274620e+01 3.925764655298787034e+02 1.418824589995303587e+00 9.347058703092350207e-01
3.859537271023128113e+01 1.015999999999999943e+02 2.500000000000000000e+00 6.096000000000000227e+02 8.400000000000000000e+01 4.200000000000000000e+02 9.302185524375866521e+01 3.942038728835111669e+02 1.107403038616174618e+00 9.385806497226456546e-01
2.473461436528282320e+01 1.015999999999999943e+02 2.500000000000000000e+00 6.096000000000000227e+02 6.900000000000000000e+01 6.900000000000000000e+02 9.368830439066749705e+01 6.245105142302444392e+02 1.357801512908224595e+00 9.050877017829629390e-01
3.584726719606206302e+01 1.015999999999999943e+02 2.500000000000000000e+00 6.096000000000000227e+02 1.000000000000000000e+02 6.900000000000000000e+02 1.206861418587517250e+02 6.245719059353957618e+02 1.206861418587517276e+00 9.051766752686895012e-01
1.629642877052321737e+01 2.730000000000000000e+02 6.000000000000000000e+00 1.638000000000000000e+03 2.350000000000000000e+01 2.350000000000000000e+02 3.404853712537481414e+01 2.216563325448053376e+02 1.448873920228715528e+00 9.432184363608737687e-01
3.259285754104643473e+01 2.730000000000000000e+02 6.000000000000000000e+00 1.638000000000000000e+03 4.700000000000000000e+01 2.350000000000000000e+02 5.128085311913848443e+01 2.205111062728038291e+02 1.091081981258265721e+00 9.383451330757609510e-01
2.002961899222520969e+01 2.730000000000000000e+02 6.000000000000000000e+00 1.638000000000000000e+03 3.550000000000000000e+01 3.550000000000000000e+02 4.992070152484703272e+01 3.388429875732001619e+02 1.406216944361888155e+00 9.544872889385920267e-01
4.005923798445041939e+01 2.730000000000000000e+02 6.000000000000000000e+00 1.638000000000000000e+03 7.100000000000000000e+01 3.550000000000000000e+02 7.614882458029119050e+01 3.437846751933554401e+02 1.072518656060439390e+00 9.684075357559308594e-01
2.178628380549105970e+01 2.730000000000000000e+02 6.000000000000000000e+00 1.638000000000000000e+03 4.200000000000000000e+01 4.200000000000000000e+02 5.842771917597832498e+01 3.905858316403371191e+02 1.391136170856626775e+00 9.299662658103264867e-01
4.357256761098211939e+01 2.730000000000000000e+02 6.000000000000000000e+00 1.638000000000000000e+03 8.400000000000000000e+01 4.200000000000000000e+02 8.928109060291082244e+01 3.938373663921640286e+02 1.062870126225128775e+00 9.377080152194381402e-01
2.792434898490184736e+01 2.730000000000000000e+02 6.000000000000000000e+00 1.638000000000000000e+03 6.900000000000000000e+01 6.900000000000000000e+02 9.207495748052794227e+01 6.239576437993675881e+02 1.334419673630839798e+00 9.042864402889385644e-01
4.047007099261136887e+01 2.730000000000000000e+02 6.000000000000000000e+00 1.638000000000000000e+03 1.000000000000000000e+02 6.900000000000000000e+02 1.157161933980441688e+02 6.274955568808918542e+02 1.157161933980441759e+00 9.094138505520171778e-01
1.759884279231388859e+01 2.445000000000000000e+02 5.000000000000000000e+00 1.467000000000000000e+03 2.350000000000000000e+01 2.350000000000000000e+02 3.346717610813615806e+01 2.218333145671784337e+02 1.424135153537708920e+00 9.439715513496954591e-01
3.519768558462777719e+01 2.445000000000000000e+02 5.000000000000000000e+00 1.467000000000000000e+03 4.700000000000000000e+01 2.350000000000000000e+02 4.987063612251208156e+01 2.198907008447424687e+02 1.061077364308767645e+00 9.357051099776275693e-01
2.163039036329912435e+01 2.445000000000000000e+02 5.000000000000000000e+00 1.467000000000000000e+03 3.550000000000000000e+01 3.550000000000000000e+02 4.893637559440242057e+01 3.382140399361930463e+02 1.378489453363448414e+00 9.527156054540649732e-01
4.326078072659824869e+01 2.445000000000000000e+02 5.000000000000000000e+00 1.467000000000000000e+03 7.100000000000000000e+01 3.550000000000000000e+02 7.396104802563870351e+01 3.434345339897893155e+02 1.041704901769559211e+00 9.674212225064487969e-01
2.352744819865592873e+01 2.445000000000000000e+02 5.000000000000000000e+00 1.467000000000000000e+03 4.200000000000000000e+01 4.200000000000000000e+02 5.693242670521897253e+01 3.915776660469701937e+02 1.355533969171880404e+00 9.323277763023100073e-01
4.705489639731185747e+01 2.445000000000000000e+02 5.000000000000000000e+00 1.467000000000000000e+03 8.400000000000000000e+01 4.200000000000000000e+02 8.696410844978127841e+01 3.954609505631870547e+02 1.035287005354539103e+00 9.415736918171120351e-01
3.015606884079421235e+01 2.445000000000000000e+02 5.000000000000000000e+00 1.467000000000000000e+03 6.900000000000000000e+01 6.900000000000000000e+02 8.921931733325605762e+01 6.258644699664868085e+02 1.293033584539942771e+00 9.070499564731693276e-01
4.370444759535393331e+01 2.445000000000000000e+02 5.000000000000000000e+00 1.467000000000000000e+03 1.000000000000000000e+02 6.900000000000000000e+02 1.124538799720384503e+02 6.283486143205507233e+02 1.124538799720384397e+00 9.106501656819575574e-01
1.984951979738589145e+01 2.190999999999999943e+02 4.000000000000000000e+00 1.314599999999999909e+03 2.350000000000000000e+01 2.350000000000000000e+02 3.188009263398046045e+01 2.220118131730687594e+02 1.356599686552359962e+00 9.447311198853989289e-01
3.969903959477178290e+01 2.190999999999999943e+02 4.000000000000000000e+00 1.314599999999999909e+03 4.700000000000000000e+01 2.350000000000000000e+02 4.769790307109303740e+01 2.198232251939198818e+02 1.014849001512617921e+00 9.354179795485952909e-01
2.439665305317724986e+01 2.190999999999999943e+02 4.000000000000000000e+00 1.314599999999999909e+03 3.550000000000000000e+01 3.550000000000000000e+02 4.647475204842135810e+01 3.371893929021977101e+02 1.309147945025953774e+00 9.498292757808386444e-01
4.879330610635449972e+01 2.190999999999999943e+02 4.000000000000000000e+00 1.314599999999999909e+03 7.100000000000000000e+01 3.550000000000000000e+02 7.092318071078781827e+01 3.438907827172025691e+02 9.989180381801101571e-01 9.687064301893030249e-01
2.653632141115285137e+01 2.190999999999999943e+02 4.000000000000000000e+00 1.314599999999999909e+03 4.200000000000000000e+01 4.200000000000000000e+02 5.427777320306644526e+01 3.905394502478819163e+02 1.292327933406343998e+00 9.298558339235283299e-01
5.307264282230570274e+01 2.190999999999999943e+02 4.000000000000000000e+00 1.314599999999999909e+03 8.400000000000000000e+01 4.200000000000000000e+02 8.342978438160470489e+01 3.981547886281084629e+02 9.932117188286274656e-01 9.479875919716868049e-01
3.401266165796434393e+01 2.190999999999999943e+02 4.000000000000000000e+00 1.314599999999999909e+03 6.900000000000000000e+01 6.900000000000000000e+02 8.551454355700379040e+01 6.254337777974259325e+02 1.239341210971069529e+00 9.064257649238056658e-01
4.929371254777441180e+01 2.190999999999999943e+02 4.000000000000000000e+00 1.314599999999999909e+03 1.000000000000000000e+02 6.900000000000000000e+02 1.082691680143854427e+02 6.276479146336598660e+02 1.082691680143854418e+00 9.096346588893621243e-01
2.228235853183522153e+01 2.445000000000000000e+02 4.000000000000000000e+00 1.467000000000000000e+03 2.350000000000000000e+01 2.350000000000000000e+02 3.028634998736882977e+01 2.201680133561596904e+02 1.288780850526333177e+00 9.368851632177007671e-01
4.456471706367044305e+01 2.445000000000000000e+02 4.000000000000000000e+00 1.467000000000000000e+03 4.700000000000000000e+01 2.350000000000000000e+02 4.611807886941947743e+01 2.194060251250258204e+02 9.812357206259463283e-01 9.336426601064928832e-01
2.738680712967574493e+01 2.445000000000000000e+02 4.000000000000000000e+00 1.467000000000000000e+03 3.550000000000000000e+01 3.550000000000000000e+02 4.415715845723025978e+01 3.359796821110503515e+02 1.243863618513528335e+00 9.464216397494376043e-01
5.477361425935148986e+01 2.445000000000000000e+02 4.000000000000000000e+00 1.467000000000000000e+03 7.100000000000000000e+01 3.550000000000000000e+02 6.854268908350756817e+01 3.458031911132437699e+02 9.653899870916559101e-01 9.740934960936443732e-01
2.978872203634841398e+01 2.445000000000000000e+02 4.000000000000000000e+00 1.467000000000000000e+03 4.200000000000000000e+01 4.200000000000000000e+02 5.177601666012412807e+01 3.916372235123558312e+02 1.232762301431526764e+00 9.324695797913233886e-01
5.957744407269682796e+01 2.445000000000000000e+02 4.000000000000000000e+00 1.467000000000000000e+03 8.400000000000000000e+01 4.200000000000000000e+02 8.071247020976694841e+01 3.974955690413994489e+02 9.608627405924636822e-01 9.464180215271414953e-01
3.818139327403661554e+01 2.445000000000000000e+02 4.000000000000000000e+00 1.467000000000000000e+03 6.900000000000000000e+01 6.900000000000000000e+02 8.193017319523902131e+01 6.239125279467759810e+02 1.187393814423753913e+00 9.042210549953274557e-01
5.533535257106755978e+01 2.445000000000000000e+02 4.000000000000000000e+00 1.467000000000000000e+03 1.000000000000000000e+02 6.900000000000000000e+02 1.042699036817705291e+02 6.307654810479486969e+02 1.042699036817705371e+00 9.141528710839835759e-01
2.501228775230443446e+01 2.730000000000000000e+02 4.000000000000000000e+00 1.638000000000000000e+03 2.350000000000000000e+01 2.350000000000000000e+02 2.879785751084404666e+01 2.217599058394571614e+02 1.225440745142299948e+00 9.436591737849241435e-01
5.002457550460886893e+01 2.730000000000000000e+02 4.000000000000000000e+00 1.638000000000000000e+03 4.700000000000000000e+01 2.350000000000000000e+02 4.422642087327169236e+01 2.186168790293219502e+02 9.409876781547168445e-01 9.302845916141359028e-01
3.074210925946777451e+01 2.730000000000000000e+02 4.000000000000000000e+00 1.638000000000000000e+03 3.550000000000000000e+01 3.550000000000000000e+02 4.208242333667224244e+01 3.358675681471250414e+02 1.185420375680908300e+00 9.461058257665494464e-01
6.148421851893554901e+01 2.730000000000000000e+02 4.000000000000000000e+00 1.638000000000000000e+03 7.100000000000000000e+01 3.550000000000000000e+02 6.596125457341786102e+01 3.453470072955534533e+02 9.290317545551811662e-01 9.728084712550801871e-01
3.343829542469855909e+01 2.730000000000000000e+02 4.000000000000000000e+00 1.638000000000000000e+03 4.200000000000000000e+01 4.200000000000000000e+02 4.928168056722108048e+01 3.884769714368574114e+02 1.173373346838597175e+00 9.249451700877557858e-01
6.687659084939711818e+01 2.730000000000000000e+02 4.000000000000000000e+00 1.638000000000000000e+03 8.400000000000000000e+01 4.200000000000000000e+02 7.792539485209705674e+01 3.994367040720150612e+02 9.276832720487744322e-01 9.510397716000358326e-01
4.285919706343801039e+01 2.730000000000000000e+02 4.000000000000000000e+00 1.638000000000000000e+03 6.900000000000000000e+01 6.900000000000000000e+02 7.843592450925710580e+01 6.252245109114646766e+02 1.136752529119668287e+00 9.061224795818328959e-01
6.211477835280869897e+01 2.730000000000000000e+02 4.000000000000000000e+00 1.638000000000000000e+03 1.000000000000000000e+02 6.900000000000000000e+02 1.005446175599499412e+02 6.247770761898267438e+02 1.005446175599499448e+00 9.054740234635170193e-01
2.684508711516770418e+01 2.190999999999999943e+02 3.000000000000000000e+00 1.314599999999999909e+03 2.350000000000000000e+01 2.350000000000000000e+02 2.795549723932114361e+01 2.208920216152500302e+02 1.189595627205155104e+00 9.399660494265958954e-01
5.369017423033540837e+01 2.190999999999999943e+02 3.000000000000000000e+00 1.314599999999999909e+03 4.700000000000000000e+01 2.350000000000000000e+02 4.318332615696240850e+01 2.190763122660025601e+02 9.187941735523916797e-01 9.322396266638406370e-01
3.299476678611223690e+01 2.190999999999999943e+02 3.000000000000000000e+00 1.314599999999999909e+03 3.550000000000000000e+01 3.550000000000000000e+02 4.097441038227288601e+01 3.368542600560014648e+02 1.154208743162616457e+00 9.488852395943703222e-01
6.598953357222447380e+01 2.190999999999999943e+02 3.000000000000000000e+00 1.314599999999999909e+03 7.100000000000000000e+01 3.550000000000000000e+02 6.466197870360258548e+01 3.455735838762060439e+02 9.107320944169378096e-01 9.734467151442424138e-01
3.588851857727584616e+01 2.190999999999999943e+02 3.000000000000000000e+00 1.314599999999999909e+03 4.200000000000000000e+01 4.200000000000000000e+02 4.797148430463566626e+01 3.914718020676173182e+02 1.142178197729420530e+00 9.320757192086126519e-01
7.177703715455169231e+01 2.190999999999999943e+02 3.000000000000000000e+00 1.314599999999999909e+03 8.400000000000000000e+01 4.200000000000000000e+02 7.619816089434203832e+01 4.002500312300844598e+02 9.071209630278813663e-01 9.529762648335344810e-01
4.599974581485973602e+01 2.190999999999999943e+02 3.000000000000000000e+00 1.314599999999999909e+03 6.900000000000000000e+01 6.900000000000000000e+02 7.645847488497777533e+01 6.230602749453621527e+02 1.108093838912721285e+00 9.029859057179161486e-01
6.666629828240540689e+01 2.190999999999999943e+02 3.000000000000000000e+00 1.314599999999999909e+03 1.000000000000000000e+02 6.900000000000000000e+02 9.818396481175503254e+01 6.301066460796512274e+02 9.818396481175503121e-01 9.131980377965960294e-01
