1.778000000000000114e+02 1.250000000000000000e+01 1.066799999999999955e+03 2.350000000000000000e+01 2.350000000000000000e+02 4.517219860580168245e+01 2.588169240015769219e+02 1.922221217268156757e+00 1.101348612772667712e+00
1.778000000000000114e+02 1.250000000000000000e+01 1.066799999999999955e+03 4.700000000000000000e+01 2.350000000000000000e+02 7.658597607233920712e+01 2.625402106721665518e+02 1.629488852602961835e+00 1.117192385839006707e+00
1.778000000000000114e+02 1.250000000000000000e+01 1.066799999999999955e+03 3.550000000000000000e+01 3.550000000000000000e+02 6.466146969847417836e+01 3.857272391114787524e+02 1.821449850661244430e+00 1.086555603130926029e+00
1.778000000000000114e+02 1.250000000000000000e+01 1.066799999999999955e+03 7.100000000000000000e+01 3.550000000000000000e+02 1.139258013747557214e+02 3.891246552819122257e+02 1.604588751757122900e+00 1.096125789526513294e+00
1.778000000000000114e+02 1.250000000000000000e+01 1.066799999999999955e+03 4.200000000000000000e+01 4.200000000000000000e+02 7.499963713204269311e+01 4.530626557007630026e+02 1.785705646001016556e+00 1.078720608811340576e+00
1.778000000000000114e+02 1.250000000000000000e+01 1.066799999999999955e+03 8.400000000000000000e+01 4.200000000000000000e+02 1.343695489052965684e+02 4.581644392748273731e+02 1.599637486967816269e+00 1.090867712559112856e+00
1.778000000000000114e+02 1.250000000000000000e+01 1.066799999999999955e+03 6.900000000000000000e+01 6.900000000000000000e+02 1.173226508665181740e+02 7.358135481083443210e+02 1.700328273427799575e+00 1.066396446533832254e+00
1.778000000000000114e+02 1.250000000000000000e+01 1.066799999999999955e+03 1.000000000000000000e+02 6.900000000000000000e+02 1.699717699313779633e+02 7.429359604520175253e+02 1.699717699313779695e+00 1.076718783263793444e+00
1.015999999999999943e+02 5.000000000000000000e+00 6.096000000000000227e+02 2.350000000000000000e+01 2.350000000000000000e+02 4.517930354919364788e+01 2.589689727095051239e+02 1.922523555284836094e+00 1.101995628551085682e+00
1.015999999999999943e+02 5.000000000000000000e+00 6.096000000000000227e+02 4.700000000000000000e+01 2.350000000000000000e+02 7.189226539369080626e+01 2.624151449517701735e+02 1.529622667950868209e+00 1.116660191284128301e+00
1.015999999999999943e+02 5.000000000000000000e+00 6.096000000000000227e+02 3.550000000000000000e+01 3.550000000000000000e+02 6.334931206381948954e+01 3.871780409005315846e+02 1.784487663769563026e+00 1.090642368733891754e+00
1.015999999999999943e+02 5.000000000000000000e+00 6.096000000000000227e+02 7.100000000000000000e+01 3.550000000000000000e+02 1.018035836474263363e+02 3.948623434958657299e+02 1.433853290808821734e+00 1.112288291537649965e+00
1.015999999999999943e+02 5.000000000000000000e+00 6.096000000000000227e+02 4.200000000000000000e+01 4.200000000000000000e+02 7.359048200371995563e+01 4.549108329927677801e+02 1.752154333421903631e+00 1.083121030935161322e+00
1.015999999999999943e+02 5.000000000000000000e+00 6.096000000000000227e+02 8.400000000000000000e+01 4.200000000000000000e+02 1.234965817334435343e+02 4.577152114253950117e+02 1.470197401588613451e+00 1.089798122441416606e+00
1.015999999999999943e+02 5.000000000000000000e+00 6.096000000000000227e+02 6.900000000000000000e+01 6.900000000000000000e+02 1.097421463020036754e+02 7.416710359416063056e+02 1.590465888434835939e+00 1.074885559335661211e+00
1.015999999999999943e+02 5.000000000000000000e+00 6.096000000000000227e+02 1.000000000000000000e+02 6.900000000000000000e+02 1.580008676128562684e+02 7.425434435384952394e+02 1.580008676128562772e+00 1.076149918171732223e+00
2.730000000000000000e+02 1.000000000000000000e+01 1.638000000000000000e+03 2.350000000000000000e+01 2.350000000000000000e+02 4.246950309468725493e+01 2.598599546226283223e+02 1.807212897646266248e+00 1.105787040947354471e+00
2.730000000000000000e+02 1.000000000000000000e+01 1.638000000000000000e+03 4.700000000000000000e+01 2.350000000000000000e+02 6.719055962178606478e+01 2.626776718510824935e+02 1.429586374931618442e+00 1.117777327025883061e+00
2.730000000000000000e+02 1.000000000000000000e+01 1.638000000000000000e+03 3.550000000000000000e+01 3.550000000000000000e+02 6.019798022781669289e+01 3.877385861768013342e+02 1.695717752896244823e+00 1.092221369512116347e+00
2.730000000000000000e+02 1.000000000000000000e+01 1.638000000000000000e+03 7.100000000000000000e+01 3.550000000000000000e+02 9.759894207169631386e+01 3.936456325189031986e+02 1.374632986925300226e+00 1.108860936672966702e+00
2.730000000000000000e+02 1.000000000000000000e+01 1.638000000000000000e+03 4.200000000000000000e+01 4.200000000000000000e+02 7.053903640787054030e+01 4.564285114510793164e+02 1.679500866854060526e+00 1.086734551073998301e+00
2.730000000000000000e+02 1.000000000000000000e+01 1.638000000000000000e+03 8.400000000000000000e+01 4.200000000000000000e+02 1.228742667782844222e+02 4.645064467692163817e+02 1.462788890217671778e+00 1.105967730402896088e+00
2.730000000000000000e+02 1.000000000000000000e+01 1.638000000000000000e+03 6.900000000000000000e+01 6.900000000000000000e+02 9.572323841692330859e+01 7.435121289838224357e+02 1.387293310390192769e+00 1.077553810121481881e+00
2.730000000000000000e+02 1.000000000000000000e+01 1.638000000000000000e+03 1.000000000000000000e+02 6.900000000000000000e+02 1.474900296329812193e+02 7.471861277010430058e+02 1.474900296329812122e+00 1.082878445943540546e+00
1.330000000000000000e+02 4.000000000000000000e+00 7.980000000000000000e+02 2.350000000000000000e+01 2.350000000000000000e+02 4.110390533835754212e+01 2.602712299568394201e+02 1.749102354823725225e+00 1.107537148752508083e+00
1.330000000000000000e+02 4.000000000000000000e+00 7.980000000000000000e+02 4.700000000000000000e+01 2.350000000000000000e+02 6.117340916786361049e+01 2.651839407450891599e+02 1.301561897188587391e+00 1.128442301042932527e+00
1.330000000000000000e+02 4.000000000000000000e+00 7.980000000000000000e+02 3.550000000000000000e+01 3.550000000000000000e+02 5.330998085299118117e+01 3.897354148972460735e+02 1.501689601492709247e+00 1.097846239147171943e+00
1.330000000000000000e+02 4.000000000000000000e+00 7.980000000000000000e+02 7.100000000000000000e+01 3.550000000000000000e+02 9.720910510981437369e+01 3.928823044534535711e+02 1.369142325490343204e+00 1.106710716770291647e+00
1.330000000000000000e+02 4.000000000000000000e+00 7.980000000000000000e+02 4.200000000000000000e+01 4.200000000000000000e+02 6.327980432942334232e+01 4.581517900348836747e+02 1.506662007843412976e+00 1.090837595321151543e+00
1.330000000000000000e+02 4.000000000000000000e+00 7.980000000000000000e+02 8.400000000000000000e+01 4.200000000000000000e+02 1.139747528522491962e+02 4.643975109768994116e+02 1.356842295860109404e+00 1.105708359468808188e+00
1.330000000000000000e+02 4.000000000000000000e+00 7.980000000000000000e+02 6.900000000000000000e+01 6.900000000000000000e+02 1.009338393152138309e+02 7.475364336346533491e+02 1.462809265437881701e+00 1.083386135702396169e+00
1.330000000000000000e+02 4.000000000000000000e+00 7.980000000000000000e+02 1.000000000000000000e+02 6.900000000000000000e+02 1.421264594189184436e+02 7.526125346302551407e+02 1.421264594189184383e+00 1.090742803811963979e+00
1.015999999999999943e+02 2.500000000000000000e+00 6.096000000000000227e+02 2.350000000000000000e+01 2.350000000000000000e+02 3.273102293686111608e+01 2.632213889394583362e+02 1.392809486674941200e+00 1.120091016763652414e+00
1.015999999999999943e+02 2.500000000000000000e+00 6.096000000000000227e+02 4.700000000000000000e+01 2.350000000000000000e+02 6.271532242877733410e+01 2.655654033025793410e+02 1.334368562314411255e+00 1.130065545968422791e+00
1.015999999999999943e+02 2.500000000000000000e+00 6.096000000000000227e+02 3.550000000000000000e+01 3.550000000000000000e+02 5.310816294902220847e+01 3.894934546778540039e+02 1.496004590113301669e+00 1.097164661064377489e+00
1.015999999999999943e+02 2.500000000000000000e+00 6.096000000000000227e+02 7.100000000000000000e+01 3.550000000000000000e+02 9.432934970313230849e+01 3.951034909774251673e+02 1.328582390184962048e+00 1.112967580218099162e+00
1.015999999999999943e+02 2.500000000000000000e+00 6.096000000000000227e+02 4.200000000000000000e+01 4.200000000000000000e+02 6.150017825896433266e+01 4.582287528492180400e+02 1.464289958546769910e+00 1.091020840117185919e+00
1.015999999999999943e+02 2.500000000000000000e+00 6.096000000000000227e+02 8.400000000000000000e+01 4.200000000000000000e+02 1.116242708169561553e+02 4.670681535889897873e+02 1.328860366868525711e+00 1.112067032354737695e+00
1.015999999999999943e+02 2.500000000000000000e+00 6.096000000000000227e+02 6.900000000000000000e+01 6.900000000000000000e+02 1.024039563599260418e+02 7.490581606829586008e+02 1.484115309564145502e+00 1.085591537221679115e+00
1.015999999999999943e+02 2.500000000000000000e+00 6.096000000000000227e+02 1.000000000000000000e+02 6.900000000000000000e+02 1.335975403851437875e+02 7.550205169679351229e+02 1.335975403851437981e+00 1.094232633286862599e+00
2.730000000000000000e+02 6.000000000000000000e+00 1.638000000000000000e+03 2.350000000000000000e+01 2.350000000000000000e+02 3.583345145078231297e+01 2.637222691233525893e+02 1.524827721309885753e+00 1.122222421801500447e+00
2.730000000000000000e+02 6.000000000000000000e+00 1.638000000000000000e+03 4.700000000000000000e+01 2.350000000000000000e+02 5.999680454355031145e+01 2.684006407799919316e+02 1.276527756245751322e+00 1.142130386297838029e+00
2.730000000000000000e+02 6.000000000000000000e+00 1.638000000000000000e+03 3.550000000000000000e+01 3.550000000000000000e+02 5.362235765903200502e+01 3.894571922273426594e+02 1.510488948141746723e+00 1.097062513316458210e+00
2.730000000000000000e+02 6.000000000000000000e+00 1.638000000000000000e+03 7.100000000000000000e+01 3.550000000000000000e+02 9.038809749600942212e+01 3.971139712132176669e+02 1.273071795718442534e+00 1.118630904825965278e+00
2.730000000000000000e+02 6.000000000000000000e+00 1.638000000000000000e+03 4.200000000000000000e+01 4.200000000000000000e+02 6.366172227366541136e+01 4.593828377735954405e+02 1.515755292230128948e+00 1.093768661365703387e+00
2.730000000000000000e+02 6.000000000000000000e+00 1.638000000000000000e+03 8.400000000000000000e+01 4.200000000000000000e+02 1.101166547466330599e+02 4.674869261351726095e+02 1.310912556507536353e+00 1.113064109845649075e+00
2.730000000000000000e+02 6.000000000000000000e+00 1.638000000000000000e+03 6.900000000000000000e+01 6.900000000000000000e+02 1.012376400055923398e+02 7.530985665707471526e+02 1.467212173994091984e+00 1.091447197928619106e+00
2.730000000000000000e+02 6.000000000000000000e+00 1.638000000000000000e+03 1.000000000000000000e+02 6.900000000000000000e+02 1.420280086764564658e+02 7.491614530151451845e+02 1.420280086764564631e+00 1.085741236253833675e+00
2.445000000000000000e+02 5.000000000000000000e+00 1.467000000000000000e+03 2.350000000000000000e+01 2.350000000000000000e+02 3.451830130702041544e+01 2.631256907965419600e+02 1.468863885405124137e+00 1.119683790623582809e+00
2.445000000000000000e+02 5.000000000000000000e+00 1.467000000000000000e+03 4.700000000000000000e+01 2.350000000000000000e+02 5.934515907009033953e+01 2.676170686642466308e+02 1.262662958938092439e+00 1.138796036869134554e+00
2.445000000000000000e+02 5.000000000000000000e+00 1.467000000000000000e+03 3.550000000000000000e+01 3.550000000000000000e+02 5.377465528673968720e+01 3.909974926491349265e+02 1.514779022161681254e+00 1.101401387744042060e+00
2.445000000000000000e+02 5.000000000000000000e+00 1.467000000000000000e+03 7.100000000000000000e+01 3.550000000000000000e+02 9.416069029917424871e+01 3.970405691011516183e+02 1.326206905622172583e+00 1.118424138313103056e+00
2.445000000000000000e+02 5.000000000000000000e+00 1.467000000000000000e+03 4.200000000000000000e+01 4.200000000000000000e+02 6.075265456127957719e+01 4.590969869573256688e+02 1.446491775268561319e+00 1.093088064184108754e+00
2.445000000000000000e+02 5.000000000000000000e+00 1.467000000000000000e+03 8.400000000000000000e+01 4.200000000000000000e+02 1.030192471928160245e+02 4.691969023817456446e+02 1.226419609438285985e+00 1.117135481861299073e+00
2.445000000000000000e+02 5.000000000000000000e+00 1.467000000000000000e+03 6.900000000000000000e+01 6.900000000000000000e+02 9.324291449998254677e+01 7.474322372856734091e+02 1.351346586956268858e+00 1.083235126500975865e+00
2.445000000000000000e+02 5.000000000000000000e+00 1.467000000000000000e+03 1.000000000000000000e+02 6.900000000000000000e+02 1.511547576144686218e+02 7.502464146627124819e+02 1.511547576144686156e+00 1.087313644438713700e+00
2.190999999999999943e+02 4.000000000000000000e+00 1.314599999999999909e+03 2.350000000000000000e+01 2.350000000000000000e+02 3.508230739753903293e+01 2.640760196202655834e+02 1.492864144576129037e+00 1.123727743064959927e+00
2.190999999999999943e+02 4.000000000000000000e+00 1.314599999999999909e+03 4.700000000000000000e+01 2.350000000000000000e+02 5.803771462225545719e+01 2.713278698182672883e+02 1.234844991962882110e+00 1.154586680077733130e+00
2.190999999999999943e+02 4.000000000000000000e+00 1.314599999999999909e+03 3.550000000000000000e+01 3.550000000000000000e+02 5.007891659977578769e+01 3.909195430406555261e+02 1.410673707035937641e+00 1.101181811382128339e+00
2.190999999999999943e+02 4.000000000000000000e+00 1.314599999999999909e+03 7.100000000000000000e+01 3.550000000000000000e+02 8.833820523902237198e+01 4.031259920030818762e+02 1.244200073789047511e+00 1.135566174656568617e+00
2.190999999999999943e+02 4.000000000000000000e+00 1.314599999999999909e+03 4.200000000000000000e+01 4.200000000000000000e+02 5.446741402628141060e+01 4.599367973613506138e+02 1.296843191101938242e+00 1.095087612765120566e+00
2.190999999999999943e+02 4.000000000000000000e+00 1.314599999999999909e+03 8.400000000000000000e+01 4.200000000000000000e+02 1.061940324435170311e+02 4.720538811834175021e+02 1.264214671946631396e+00 1.123937812341470277e+00
2.190999999999999943e+02 4.000000000000000000e+00 1.314599999999999909e+03 6.900000000000000000e+01 6.900000000000000000e+02 9.354520162444373454e+01 7.483884739490115408e+02 1.355727559774546842e+00 1.084620976737697973e+00
2.190999999999999943e+02 4.000000000000000000e+00 1.314599999999999909e+03 1.000000000000000000e+02 6.900000000000000000e+02 1.278625856004428840e+02 7.546543798948609947e+02 1.278625856004428796e+00 1.093701999847624728e+00
2.445000000000000000e+02 4.000000000000000000e+00 1.467000000000000000e+03 2.350000000000000000e+01 2.350000000000000000e+02 3.437209291721104876e+01 2.640441794900580135e+02 1.462642251796214765e+00 1.123592253149183096e+00
2.445000000000000000e+02 4.000000000000000000e+00 1.467000000000000000e+03 4.700000000000000000e+01 2.350000000000000000e+02 6.186887742467870765e+01 2.726204515849163954e+02 1.316359094142100172e+00 1.160087028020920785e+00
2.445000000000000000e+02 4.000000000000000000e+00 1.467000000000000000e+03 3.550000000000000000e+01 3.550000000000000000e+02 4.795537671268132840e+01 3.914492127079112151e+02 1.350855682047361395e+00 1.102673838613834389e+00
2.445000000000000000e+02 4.000000000000000000e+00 1.467000000000000000e+03 7.100000000000000000e+01 3.550000000000000000e+02 9.573971277412080383e+01 4.021427683173753280e+02 1.348446658790433794e+00 1.132796530471479768e+00
2.445000000000000000e+02 4.000000000000000000e+00 1.467000000000000000e+03 4.200000000000000000e+01 4.200000000000000000e+02 6.361748291676737921e+01 4.575488863850943062e+02 1.514701974208747082e+00 1.089402110440700788e+00
2.445000000000000000e+02 4.000000000000000000e+00 1.467000000000000000e+03 8.400000000000000000e+01 4.200000000000000000e+02 1.163868694718938315e+02 4.674298163028834097e+02 1.385557969903497888e+00 1.112928134054484319e+00
2.445000000000000000e+02 4.000000000000000000e+00 1.467000000000000000e+03 6.900000000000000000e+01 6.900000000000000000e+02 9.907084250242574797e+01 7.495033063155137825e+02 1.435809311629358653e+00 1.086236675819585162e+00
2.445000000000000000e+02 4.000000000000000000e+00 1.467000000000000000e+03 1.000000000000000000e+02 6.900000000000000000e+02 1.254406986582982171e+02 7.571075089575274433e+02 1.254406986582982109e+00 1.097257259358735526e+00
2.730000000000000000e+02 4.000000000000000000e+00 1.638000000000000000e+03 2.350000000000000000e+01 2.350000000000000000e+02 3.259211513554216566e+01 2.639749760118278346e+02 1.386898516406049664e+00 1.123297770263097073e+00
2.730000000000000000e+02 4.000000000000000000e+00 1.638000000000000000e+03 4.700000000000000000e+01 2.350000000000000000e+02 6.258326202814150463e+01 2.720092742553578091e+02 1.331558766556202311e+00 1.157486273427054568e+00
2.730000000000000000e+02 4.000000000000000000e+00 1.638000000000000000e+03 3.550000000000000000e+01 3.550000000000000000e+02 4.961402079161702261e+01 3.913922590022141890e+02 1.397578050468085253e+00 1.102513405640040078e+00
2.730000000000000000e+02 4.000000000000000000e+00 1.638000000000000000e+03 7.100000000000000000e+01 3.550000000000000000e+02 7.981322200708920889e+01 4.070908766313272622e+02 1.124129887423791718e+00 1.146734863750217714e+00
2.730000000000000000e+02 4.000000000000000000e+00 1.638000000000000000e+03 4.200000000000000000e+01 4.200000000000000000e+02 5.667942965852016357e+01 4.607027133270485706e+02 1.349510229964765884e+00 1.096911222207258563e+00
2.730000000000000000e+02 4.000000000000000000e+00 1.638000000000000000e+03 8.400000000000000000e+01 4.200000000000000000e+02 1.089775095405086347e+02 4.757467805659933333e+02 1.297351304053674159e+00 1.132730429919031723e+00
2.730000000000000000e+02 4.000000000000000000e+00 1.638000000000000000e+03 6.900000000000000000e+01 6.900000000000000000e+02 9.583394452079684811e+01 7.494279070327620502e+02 1.388897746678215084e+00 1.086127401496756573e+00
2.730000000000000000e+02 4.000000000000000000e+00 1.638000000000000000e+03 1.000000000000000000e+02 6.900000000000000000e+02 nan 7.713204540033904095e+02 nan 1.117855730439696327e+00
2.190999999999999943e+02 3.000000000000000000e+00 1.314599999999999909e+03 2.350000000000000000e+01 2.350000000000000000e+02 3.240172242508223377e+01 2.640248453022547892e+02 1.378796698939669607e+00 1.123509980009594900e+00
2.190999999999999943e+02 3.000000000000000000e+00 1.314599999999999909e+03 4.700000000000000000e+01 2.350000000000000000e+02 5.625974504012532407e+01 2.670869923923812621e+02 1.197015851917559992e+00 1.136540393159069184e+00
2.190999999999999943e+02 3.000000000000000000e+00 1.314599999999999909e+03 3.550000000000000000e+01 3.550000000000000000e+02 4.555545929624970114e+01 3.916983086897830049e+02 1.283252374542245056e+00 1.103375517436008479e+00
2.190999999999999943e+02 3.000000000000000000e+00 1.314599999999999909e+03 7.100000000000000000e+01 3.550000000000000000e+02 8.429304664412480008e+01 4.020785381777549787e+02 1.187226009072180233e+00 1.132615600500718189e+00
2.190999999999999943e+02 3.000000000000000000e+00 1.314599999999999909e+03 4.200000000000000000e+01 4.200000000000000000e+02 5.599551090837875478e+01 4.615111134625166187e+02 1.333226450199494151e+00 1.098835984434563429e+00
2.190999999999999943e+02 3.000000000000000000e+00 1.314599999999999909e+03 8.400000000000000000e+01 4.200000000000000000e+02 1.022470457820718792e+02 4.751673185547044227e+02 1.217226735500855694e+00 1.131350758463582018e+00
2.190999999999999943e+02 3.000000000000000000e+00 1.314599999999999909e+03 6.900000000000000000e+01 6.900000000000000000e+02 9.530552033396519107e+01 7.605424726442669225e+02 1.381239425129930254e+00 1.102235467600386931e+00
2.190999999999999943e+02 3.000000000000000000e+00 1.314599999999999909e+03 1.000000000000000000e+02 6.900000000000000000e+02 1.227991544538608224e+02 7.668792936732917269e+02 1.227991544538608260e+00 1.111419266193176325e+00
