4.330497395199783384e+00 1.778000000000000114e+02 1.250000000000000000e+01 1.066799999999999955e+03 2.350000000000000000e+01 2.350000000000000000e+02 4.388773523104904939e+01 2.543735051406682715e+02 1.867563201321236210e+00 1.082440447407098993e+00
8.660994790399566767e+00 1.778000000000000114e+02 1.250000000000000000e+01 1.066799999999999955e+03 4.700000000000000000e+01 2.350000000000000000e+02 7.400256401546253926e+01 2.567540429362817918e+02 1.574522638626862481e+00 1.092570395473539513e+00
5.322528886179431318e+00 1.778000000000000114e+02 1.250000000000000000e+01 1.066799999999999955e+03 3.550000000000000000e+01 3.550000000000000000e+02 6.494511977910833878e+01 3.799642420273731318e+02 1.829439993777699724e+00 1.070321808527811669e+00
1.064505777235886264e+01 1.778000000000000114e+02 1.250000000000000000e+01 1.066799999999999955e+03 7.100000000000000000e+01 3.550000000000000000e+02 1.135342334309318204e+02 3.801381991038594492e+02 1.599073710294814266e+00 1.070811828461575965e+00
5.789332534095639637e+00 1.778000000000000114e+02 1.250000000000000000e+01 1.066799999999999955e+03 4.200000000000000000e+01 4.200000000000000000e+02 7.684339374042919246e+01 4.578733717072294667e+02 1.829604612867361757e+00 1.090174694541022449e+00
1.157866506819127927e+01 1.778000000000000114e+02 1.250000000000000000e+01 1.066799999999999955e+03 8.400000000000000000e+01 4.200000000000000000e+02 1.356933794893629681e+02 4.608257790579221478e+02 1.615397374873368763e+00 1.097204235852195620e+00
7.420418439191857729e+00 1.778000000000000114e+02 1.250000000000000000e+01 1.066799999999999955e+03 6.900000000000000000e+01 6.900000000000000000e+02 1.226806499820192045e+02 7.380555938757701142e+02 1.777980434522017372e+00 1.069645788225753735e+00
1.075422962201718491e+01 1.778000000000000114e+02 1.250000000000000000e+01 1.066799999999999955e+03 1.000000000000000000e+02 6.900000000000000000e+02 1.706158268782255334e+02 7.380316173718564414e+02 1.706158268782255405e+00 1.069611039669357222e+00
6.657600888251725912e+00 1.015999999999999943e+02 5.000000000000000000e+00 6.096000000000000227e+02 2.350000000000000000e+01 2.350000000000000000e+02 4.408836393281509203e+01 2.554753370498613094e+02 1.876100592885748597e+00 1.087129093829197091e+00
1.331520177650345182e+01 1.015999999999999943e+02 5.000000000000000000e+00 6.096000000000000227e+02 4.700000000000000000e+01 2.350000000000000000e+02 7.657165957690196478e+01 2.577304131787494725e+02 1.629184246317063156e+00 1.096725162462763636e+00
8.182725864158816975e+00 1.015999999999999943e+02 5.000000000000000000e+00 6.096000000000000227e+02 3.550000000000000000e+01 3.550000000000000000e+02 6.225954975059755014e+01 3.820359266716380944e+02 1.753790133819649322e+00 1.076157539920107320e+00
1.636545172831763395e+01 1.015999999999999943e+02 5.000000000000000000e+00 6.096000000000000227e+02 7.100000000000000000e+01 3.550000000000000000e+02 1.104996945225848464e+02 3.842922801648983864e+02 1.556333725670209001e+00 1.082513465253234886e+00
8.900378387042442441e+00 1.015999999999999943e+02 5.000000000000000000e+00 6.096000000000000227e+02 4.200000000000000000e+01 4.200000000000000000e+02 7.338574715854944941e+01 4.600072848489726312e+02 1.747279694251177462e+00 1.095255440116601475e+00
1.780075677408488488e+01 1.015999999999999943e+02 5.000000000000000000e+00 6.096000000000000227e+02 8.400000000000000000e+01 4.200000000000000000e+02 1.288964405067842449e+02 4.629584341928662070e+02 1.534481434604574313e+00 1.102281986173490935e+00
1.140797000518321980e+01 1.015999999999999943e+02 5.000000000000000000e+00 6.096000000000000227e+02 6.900000000000000000e+01 6.900000000000000000e+02 1.124669206460272761e+02 7.440397993975938107e+02 1.629955371681554688e+00 1.078318549851585262e+00
1.653328986258437894e+01 1.015999999999999943e+02 5.000000000000000000e+00 6.096000000000000227e+02 1.000000000000000000e+02 6.900000000000000000e+02 1.688568755246369619e+02 7.429039101750167902e+02 1.688568755246369513e+00 1.076672333586980779e+00
9.327370620340570184e+00 2.730000000000000000e+02 1.000000000000000000e+01 1.638000000000000000e+03 2.350000000000000000e+01 2.350000000000000000e+02 4.227846016908058857e+01 2.572015632028882237e+02 1.799083411450237868e+00 1.094474737033567013e+00
1.865474124068114037e+01 2.730000000000000000e+02 1.000000000000000000e+01 1.638000000000000000e+03 4.700000000000000000e+01 2.350000000000000000e+02 6.731378775726311403e+01 2.608436900572627337e+02 1.432208250154534346e+00 1.109973149179841467e+00
1.146408715402857403e+01 2.730000000000000000e+02 1.000000000000000000e+01 1.638000000000000000e+03 3.550000000000000000e+01 3.550000000000000000e+02 6.000638904314445909e+01 3.825389712739173547e+02 1.690320818116745283e+00 1.077574566968781289e+00
2.292817430805714807e+01 2.730000000000000000e+02 1.000000000000000000e+01 1.638000000000000000e+03 7.100000000000000000e+01 3.550000000000000000e+02 1.040852066880146651e+02 3.902947214597048173e+02 1.465988826591755778e+00 1.099421750590717783e+00
1.246952607563323312e+01 2.730000000000000000e+02 1.000000000000000000e+01 1.638000000000000000e+03 4.200000000000000000e+01 4.200000000000000000e+02 7.075657275174063443e+01 4.628902456071439815e+02 1.684680303612872354e+00 1.102119632397961846e+00
2.493905215126646624e+01 2.730000000000000000e+02 1.000000000000000000e+01 1.638000000000000000e+03 8.400000000000000000e+01 4.200000000000000000e+02 1.228762429862764947e+02 4.684990027986584664e+02 1.462812416503291635e+00 1.115473816187282141e+00
1.598268896710847464e+01 2.730000000000000000e+02 1.000000000000000000e+01 1.638000000000000000e+03 6.900000000000000000e+01 6.900000000000000000e+02 1.109806968603732713e+02 7.473220650345366494e+02 1.608415896527148892e+00 1.083075456571792161e+00
2.316331734363546957e+01 2.730000000000000000e+02 1.000000000000000000e+01 1.638000000000000000e+03 1.000000000000000000e+02 6.900000000000000000e+02 1.545890230118770035e+02 7.500983314115999292e+02 1.545890230118770026e+00 1.087099031031304230e+00
1.160497646920110881e+01 1.330000000000000000e+02 4.000000000000000000e+00 7.980000000000000000e+02 2.350000000000000000e+01 2.350000000000000000e+02 4.195906019084987548e+01 2.580980231496328088e+02 1.785491923014888238e+00 1.098289460211203439e+00
2.320995293840221763e+01 1.330000000000000000e+02 4.000000000000000000e+00 7.980000000000000000e+02 4.700000000000000000e+01 2.350000000000000000e+02 6.116893088317441141e+01 2.642293208298999048e+02 1.301466614535625732e+00 1.124380088637871866e+00
1.426344755436710798e+01 1.330000000000000000e+02 4.000000000000000000e+00 7.980000000000000000e+02 3.550000000000000000e+01 3.550000000000000000e+02 5.924958793145018632e+01 3.835130628523421592e+02 1.669002476942258673e+00 1.080318486908006026e+00
2.852689510873421597e+01 1.330000000000000000e+02 4.000000000000000000e+00 7.980000000000000000e+02 7.100000000000000000e+01 3.550000000000000000e+02 9.720257958740330650e+01 3.902964334981093089e+02 1.369050416723990304e+00 1.099426573234110638e+00
1.551439977888747812e+01 1.330000000000000000e+02 4.000000000000000000e+00 7.980000000000000000e+02 4.200000000000000000e+01 4.200000000000000000e+02 6.886778089997676489e+01 4.644787150123212314e+02 1.639709069047065926e+00 1.105901702410288623e+00
3.102879955777495624e+01 1.330000000000000000e+02 4.000000000000000000e+00 7.980000000000000000e+02 8.400000000000000000e+01 4.200000000000000000e+02 1.141771475903796187e+02 4.723155425776619154e+02 1.359251757028328900e+00 1.124560815661099777e+00
1.988542504930308041e+01 1.330000000000000000e+02 4.000000000000000000e+00 7.980000000000000000e+02 6.900000000000000000e+01 6.900000000000000000e+02 1.082068721056962062e+02 7.489433195640481244e+02 1.568215537763713030e+00 1.085425100817461130e+00
2.881945659319287145e+01 1.330000000000000000e+02 4.000000000000000000e+00 7.980000000000000000e+02 1.000000000000000000e+02 6.900000000000000000e+02 1.470760736338530137e+02 7.547023125375582140e+02 1.470760736338530217e+00 1.093771467445736612e+00
1.443492492477201772e+01 1.015999999999999943e+02 2.500000000000000000e+00 6.096000000000000227e+02 2.350000000000000000e+01 2.350000000000000000e+02 3.646972844949350900e+01 2.611284294583053338e+02 1.551903338276319433e+00 1.111184806205554709e+00
2.886984984954403544e+01 1.015999999999999943e+02 2.500000000000000000e+00 6.096000000000000227e+02 4.700000000000000000e+01 2.350000000000000000e+02 6.271021136382834271e+01 2.658140688568885253e+02 1.334259816251666786e+00 1.131123697263355377e+00
1.774168135214546638e+01 1.015999999999999943e+02 2.500000000000000000e+00 6.096000000000000227e+02 3.550000000000000000e+01 3.550000000000000000e+02 5.310628658213279607e+01 3.872313024402980091e+02 1.495951734707966052e+00 1.090792401240276099e+00
3.548336270429093275e+01 1.015999999999999943e+02 2.500000000000000000e+00 6.096000000000000227e+02 7.100000000000000000e+01 3.550000000000000000e+02 9.433674153746976287e+01 3.915165074492622352e+02 1.328686500527743064e+00 1.102863401265527399e+00
1.929768635511564057e+01 1.015999999999999943e+02 2.500000000000000000e+00 6.096000000000000227e+02 4.200000000000000000e+01 4.200000000000000000e+02 6.523450694240071357e+01 4.669343507859729812e+02 1.553202546247635984e+00 1.111748454252316609e+00
3.859537271023128113e+01 1.015999999999999943e+02 2.500000000000000000e+00 6.096000000000000227e+02 8.400000000000000000e+01 4.200000000000000000e+02 1.116161084634644567e+02 4.750125184150980999e+02 1.328763195993624580e+00 1.130982186702614634e+00
2.473461436528282320e+01 1.015999999999999943e+02 2.500000000000000000e+00 6.096000000000000227e+02 6.900000000000000000e+01 6.900000000000000000e+02 1.055513019753612980e+02 7.534938648199605495e+02 1.529729014135670973e+00 1.092020093941971748e+00
3.584726719606206302e+01 1.015999999999999943e+02 2.500000000000000000e+00 6.096000000000000227e+02 1.000000000000000000e+02 6.900000000000000000e+02 1.382478285029285416e+02 7.585843899814193492e+02 1.382478285029285381e+00 1.099397666639738258e+00
1.629642877052321737e+01 2.730000000000000000e+02 6.000000000000000000e+00 1.638000000000000000e+03 2.350000000000000000e+01 2.350000000000000000e+02 3.583419764637368843e+01 2.621458082716044373e+02 1.524859474313773999e+00 1.115514077751508237e+00
3.259285754104643473e+01 2.730000000000000000e+02 6.000000000000000000e+00 1.638000000000000000e+03 4.700000000000000000e+01 2.350000000000000000e+02 6.000226396757743430e+01 2.676480714120315838e+02 1.276643914203775099e+00 1.138927963455453440e+00
2.002961899222520969e+01 2.730000000000000000e+02 6.000000000000000000e+00 1.638000000000000000e+03 3.550000000000000000e+01 3.550000000000000000e+02 5.423679671307866101e+01 3.882955030921621642e+02 1.527797090509258160e+00 1.093790149555386337e+00
4.005923798445041939e+01 2.730000000000000000e+02 6.000000000000000000e+00 1.638000000000000000e+03 7.100000000000000000e+01 3.550000000000000000e+02 9.038897153878725987e+01 3.989842093485115129e+02 1.273084106180102149e+00 1.123899181263412705e+00
2.178628380549105970e+01 2.730000000000000000e+02 6.000000000000000000e+00 1.638000000000000000e+03 4.200000000000000000e+01 4.200000000000000000e+02 6.365775837330654952e+01 4.685529590980059425e+02 1.515660913650155983e+00 1.115602283566680786e+00
4.357256761098211939e+01 2.730000000000000000e+02 6.000000000000000000e+00 1.638000000000000000e+03 8.400000000000000000e+01 4.200000000000000000e+02 1.149153656020952639e+02 4.754569242973961423e+02 1.368040066691610379e+00 1.132040295946181274e+00
2.792434898490184736e+01 2.730000000000000000e+02 6.000000000000000000e+00 1.638000000000000000e+03 6.900000000000000000e+01 6.900000000000000000e+02 1.016090629685326405e+02 7.546951933413994311e+02 1.472595115485980211e+00 1.093761149770144048e+00
4.047007099261136887e+01 2.730000000000000000e+02 6.000000000000000000e+00 1.638000000000000000e+03 1.000000000000000000e+02 6.900000000000000000e+02 1.509360509939615156e+02 7.530859960962482091e+02 1.509360509939615236e+00 1.091428979849635050e+00
1.759884279231388859e+01 2.445000000000000000e+02 5.000000000000000000e+00 1.467000000000000000e+03 2.350000000000000000e+01 2.350000000000000000e+02 3.451910933439155116e+01 2.628699666320103461e+02 1.468898269548576607e+00 1.118595602689405721e+00
3.519768558462777719e+01 2.445000000000000000e+02 5.000000000000000000e+00 1.467000000000000000e+03 4.700000000000000000e+01 2.350000000000000000e+02 5.934225504915671223e+01 2.682841049347547937e+02 1.262601171258653343e+00 1.141634489084062842e+00
2.163039036329912435e+01 2.445000000000000000e+02 5.000000000000000000e+00 1.467000000000000000e+03 3.550000000000000000e+01 3.550000000000000000e+02 5.377864158133871086e+01 3.891812397426893426e+02 1.514891312150386193e+00 1.096285182373772704e+00
4.326078072659824869e+01 2.445000000000000000e+02 5.000000000000000000e+00 1.467000000000000000e+03 7.100000000000000000e+01 3.550000000000000000e+02 9.415350907445024120e+01 3.980608009340479043e+02 1.326105761611975131e+00 1.121298030800135015e+00
2.352744819865592873e+01 2.445000000000000000e+02 5.000000000000000000e+00 1.467000000000000000e+03 4.200000000000000000e+01 4.200000000000000000e+02 6.074873427016379424e+01 4.697346585549532847e+02 1.446398435003899863e+00 1.118415853702269702e+00
4.705489639731185747e+01 2.445000000000000000e+02 5.000000000000000000e+00 1.467000000000000000e+03 8.400000000000000000e+01 4.200000000000000000e+02 1.040446876661994793e+02 4.802764737787477429e+02 1.238627234121422394e+00 1.143515413758923183e+00
3.015606884079421235e+01 2.445000000000000000e+02 5.000000000000000000e+00 1.467000000000000000e+03 6.900000000000000000e+01 6.900000000000000000e+02 1.070163782045810166e+02 7.502922273342489916e+02 1.550962002964942243e+00 1.087380039614853633e+00
4.370444759535393331e+01 2.445000000000000000e+02 5.000000000000000000e+00 1.467000000000000000e+03 1.000000000000000000e+02 6.900000000000000000e+02 1.511660602011295111e+02 7.522369363721637683e+02 1.511660602011295040e+00 1.090198458510382329e+00
1.984951979738589145e+01 2.190999999999999943e+02 4.000000000000000000e+00 1.314599999999999909e+03 2.350000000000000000e+01 2.350000000000000000e+02 3.508256950470296687e+01 2.629204689516114399e+02 1.492875298072466661e+00 1.118810506177069897e+00
3.969903959477178290e+01 2.190999999999999943e+02 4.000000000000000000e+00 1.314599999999999909e+03 4.700000000000000000e+01 2.350000000000000000e+02 5.857324291279030604e+01 2.706170761658924562e+02 1.246239210910432105e+00 1.151562026237840319e+00
2.439665305317724986e+01 2.190999999999999943e+02 4.000000000000000000e+00 1.314599999999999909e+03 3.550000000000000000e+01 3.550000000000000000e+02 5.008164026514716483e+01 3.914335595139033330e+02 1.410750430004145572e+00 1.102629745109586779e+00
4.879330610635449972e+01 2.190999999999999943e+02 4.000000000000000000e+00 1.314599999999999909e+03 7.100000000000000000e+01 3.550000000000000000e+02 8.508112236553299113e+01 4.028600535715069668e+02 1.198325667120182958e+00 1.134817052314104124e+00
2.653632141115285137e+01 2.190999999999999943e+02 4.000000000000000000e+00 1.314599999999999909e+03 4.200000000000000000e+01 4.200000000000000000e+02 5.889336617521384198e+01 4.719794016136816595e+02 1.402223004171758047e+00 1.123760480032575337e+00
5.307264282230570274e+01 2.190999999999999943e+02 4.000000000000000000e+00 1.314599999999999909e+03 8.400000000000000000e+01 4.200000000000000000e+02 1.104135268927322073e+02 4.859618882860751228e+02 1.314446748723002489e+00 1.157052114966845568e+00
3.401266165796434393e+01 2.190999999999999943e+02 4.000000000000000000e+00 1.314599999999999909e+03 6.900000000000000000e+01 6.900000000000000000e+02 1.057078422434928484e+02 7.528737966760894551e+02 1.531997713673809436e+00 1.091121444458100553e+00
4.929371254777441180e+01 2.190999999999999943e+02 4.000000000000000000e+00 1.314599999999999909e+03 1.000000000000000000e+02 6.900000000000000000e+02 1.272992753753754442e+02 7.626520109175114612e+02 1.272992753753754425e+00 1.105292769445668677e+00
2.228235853183522153e+01 2.445000000000000000e+02 4.000000000000000000e+00 1.467000000000000000e+03 2.350000000000000000e+01 2.350000000000000000e+02 3.436935173467829685e+01 2.634647390072991016e+02 1.462525605730991440e+00 1.121126548967230185e+00
4.456471706367044305e+01 2.445000000000000000e+02 4.000000000000000000e+00 1.467000000000000000e+03 4.700000000000000000e+01 2.350000000000000000e+02 5.768063728081541797e+01 2.704295778475080851e+02 1.227247601719476888e+00 1.150764161053225987e+00
2.738680712967574493e+01 2.445000000000000000e+02 4.000000000000000000e+00 1.467000000000000000e+03 3.550000000000000000e+01 3.550000000000000000e+02 5.058590818468491079e+01 3.920561036206651693e+02 1.424955160131969212e+00 1.104383390480746963e+00
5.477361425935148986e+01 2.445000000000000000e+02 4.000000000000000000e+00 1.467000000000000000e+03 7.100000000000000000e+01 3.550000000000000000e+02 9.574173597616390907e+01 3.976347414778938969e+02 1.348475154593857805e+00 1.120097863318010978e+00
2.978872203634841398e+01 2.445000000000000000e+02 4.000000000000000000e+00 1.467000000000000000e+03 4.200000000000000000e+01 4.200000000000000000e+02 6.388803546652995635e+01 4.680603609626510888e+02 1.521143701584046548e+00 1.114429430863455028e+00
5.957744407269682796e+01 2.445000000000000000e+02 4.000000000000000000e+00 1.467000000000000000e+03 8.400000000000000000e+01 4.200000000000000000e+02 1.163824959289130163e+02 4.856592306226364144e+02 1.385505903915631221e+00 1.156331501482467550e+00
3.818139327403661554e+01 2.445000000000000000e+02 4.000000000000000000e+00 1.467000000000000000e+03 6.900000000000000000e+01 6.900000000000000000e+02 1.083298543824694491e+02 7.533717459591163106e+02 1.569997889601006502e+00 1.091843110085675805e+00
5.533535257106755978e+01 2.445000000000000000e+02 4.000000000000000000e+00 1.467000000000000000e+03 1.000000000000000000e+02 6.900000000000000000e+02 1.485236065955338347e+02 7.611735279629422166e+02 1.485236065955338303e+00 1.103150040526003295e+00
2.501228775230443446e+01 2.730000000000000000e+02 4.000000000000000000e+00 1.638000000000000000e+03 2.350000000000000000e+01 2.350000000000000000e+02 3.313678078580610986e+01 2.647597041068844419e+02 1.410075778119408874e+00 1.126637038752699826e+00
5.002457550460886893e+01 2.730000000000000000e+02 4.000000000000000000e+00 1.638000000000000000e+03 4.700000000000000000e+01 2.350000000000000000e+02 6.257883957082138693e+01 2.693700115025778246e+02 1.331464671719603921e+00 1.146255368096075866e+00
3.074210925946777451e+01 2.730000000000000000e+02 4.000000000000000000e+00 1.638000000000000000e+03 3.550000000000000000e+01 3.550000000000000000e+02 5.127751082904032387e+01 3.931528673473981712e+02 1.444436924761699270e+00 1.107472865767318737e+00
6.148421851893554901e+01 2.730000000000000000e+02 4.000000000000000000e+00 1.638000000000000000e+03 7.100000000000000000e+01 3.550000000000000000e+02 7.980646976417351368e+01 4.055311940525384671e+02 1.124034785410894521e+00 1.142341391697291542e+00
3.343829542469855909e+01 2.730000000000000000e+02 4.000000000000000000e+00 1.638000000000000000e+03 4.200000000000000000e+01 4.200000000000000000e+02 6.089383886384904088e+01 4.713409334879148105e+02 1.449853306282119947e+00 1.122240317828368639e+00
6.687659084939711818e+01 2.730000000000000000e+02 4.000000000000000000e+00 1.638000000000000000e+03 8.400000000000000000e+01 4.200000000000000000e+02 1.125163346404421674e+02 4.839586215801660956e+02 1.339480174290978098e+00 1.152282432333728845e+00
4.285919706343801039e+01 2.730000000000000000e+02 4.000000000000000000e+00 1.638000000000000000e+03 6.900000000000000000e+01 6.900000000000000000e+02 1.068769564260958163e+02 7.549178455268489643e+02 1.548941397479649540e+00 1.094083834096882590e+00
6.211477835280869897e+01 2.730000000000000000e+02 4.000000000000000000e+00 1.638000000000000000e+03 1.000000000000000000e+02 6.900000000000000000e+02 1.270753690025035496e+02 7.749537272541728044e+02 1.270753690025035576e+00 1.123121343846627207e+00
2.684508711516770418e+01 2.190999999999999943e+02 3.000000000000000000e+00 1.314599999999999909e+03 2.350000000000000000e+01 2.350000000000000000e+02 3.240455171725209027e+01 2.656482089836131308e+02 1.378917094351152839e+00 1.130417910568566553e+00
5.369017423033540837e+01 2.190999999999999943e+02 3.000000000000000000e+00 1.314599999999999909e+03 4.700000000000000000e+01 2.350000000000000000e+02 6.199545898398694987e+01 2.706919262745676065e+02 1.319052318808233037e+00 1.151880537338585642e+00
3.299476678611223690e+01 2.190999999999999943e+02 3.000000000000000000e+00 1.314599999999999909e+03 3.550000000000000000e+01 3.550000000000000000e+02 5.067297586958265754e+01 3.942050513918872525e+02 1.427407770974159273e+00 1.110436764484189487e+00
6.598953357222447380e+01 2.190999999999999943e+02 3.000000000000000000e+00 1.314599999999999909e+03 7.100000000000000000e+01 3.550000000000000000e+02 8.429802997665800035e+01 4.023957189132763119e+02 1.187296196854338071e+00 1.133509067361341716e+00
3.588851857727584616e+01 2.190999999999999943e+02 3.000000000000000000e+00 1.314599999999999909e+03 4.200000000000000000e+01 4.200000000000000000e+02 6.064289217847639435e+01 4.732109008238908245e+02 1.443878385201818881e+00 1.126692621009263817e+00
7.177703715455169231e+01 2.190999999999999943e+02 3.000000000000000000e+00 1.314599999999999909e+03 8.400000000000000000e+01 4.200000000000000000e+02 1.022511257104309976e+02 4.867372021568528453e+02 1.217275306076559538e+00 1.158898100373459084e+00
4.599974581485973602e+01 2.190999999999999943e+02 3.000000000000000000e+00 1.314599999999999909e+03 6.900000000000000000e+01 6.900000000000000000e+02 9.643884826347546380e+01 7.691608723442585642e+02 1.397664467586601011e+00 1.114725901948200759e+00
6.666629828240540689e+01 2.190999999999999943e+02 3.000000000000000000e+00 1.314599999999999909e+03 1.000000000000000000e+02 6.900000000000000000e+02 1.228096565961200497e+02 7.759673919785534508e+02 1.228096565961200426e+00 1.124590423157323826e+00
