4.330497395199783384e+00 1.778000000000000114e+02 1.250000000000000000e+01 1.066799999999999955e+03 2.350000000000000000e+01 2.350000000000000000e+02 4.174964433866609426e+01 2.285439791566662393e+02 1.776580610156003992e+00 9.725275708794307583e-01
8.660994790399566767e+00 1.778000000000000114e+02 1.250000000000000000e+01 1.066799999999999955e+03 4.700000000000000000e+01 2.350000000000000000e+02 6.652834697268055208e+01 0.000000000000000000e+00 1.415496744099586257e+00 0.000000000000000000e+00
5.322528886179431318e+00 1.778000000000000114e+02 1.250000000000000000e+01 1.066799999999999955e+03 3.550000000000000000e+01 3.550000000000000000e+02 6.048522483904193336e+01 3.396561738675889046e+02 1.703809150395547478e+00 9.567779545565884280e-01
1.064505777235886264e+01 1.778000000000000114e+02 1.250000000000000000e+01 1.066799999999999955e+03 7.100000000000000000e+01 3.550000000000000000e+02 9.487698504075666506e+01 0.000000000000000000e+00 1.336295563954319254e+00 0.000000000000000000e+00
5.789332534095639637e+00 1.778000000000000114e+02 1.250000000000000000e+01 1.066799999999999955e+03 4.200000000000000000e+01 4.200000000000000000e+02 7.044542176437869330e+01 3.991253397912743139e+02 1.677271946770921174e+00 9.502984280744626311e-01
1.157866506819127927e+01 1.778000000000000114e+02 1.250000000000000000e+01 1.066799999999999955e+03 8.400000000000000000e+01 4.200000000000000000e+02 1.100521029705399201e+02 0.000000000000000000e+00 1.310144082982618086e+00 0.000000000000000000e+00
7.420418439191857729e+00 1.778000000000000114e+02 1.250000000000000000e+01 1.066799999999999955e+03 6.900000000000000000e+01 6.900000000000000000e+02 1.118931546045669592e+02 0.000000000000000000e+00 1.621639921805318352e+00 0.000000000000000000e+00
1.075422962201718491e+01 1.778000000000000114e+02 1.250000000000000000e+01 1.066799999999999955e+03 1.000000000000000000e+02 6.900000000000000000e+02 1.409669448568297696e+02 0.000000000000000000e+00 1.409669448568297678e+00 0.000000000000000000e+00
6.657600888251725912e+00 1.015999999999999943e+02 5.000000000000000000e+00 6.096000000000000227e+02 2.350000000000000000e+01 2.350000000000000000e+02 3.873208669373074997e+01 2.235450440330431832e+02 1.648173901860882973e+00 9.512555065235880347e-01
1.331520177650345182e+01 1.015999999999999943e+02 5.000000000000000000e+00 6.096000000000000227e+02 4.700000000000000000e+01 2.350000000000000000e+02 6.287544721278971593e+01 2.253359591643327065e+02 1.337775472612547256e+00 9.588764219758838525e-01
8.182725864158816975e+00 1.015999999999999943e+02 5.000000000000000000e+00 6.096000000000000227e+02 3.550000000000000000e+01 3.550000000000000000e+02 5.641923560935543236e+01 3.340915301791022785e+02 1.589274242517054514e+00 9.411029019129641959e-01
1.636545172831763395e+01 1.015999999999999943e+02 5.000000000000000000e+00 6.096000000000000227e+02 7.100000000000000000e+01 3.550000000000000000e+02 8.933629685464583758e+01 3.371590918524215681e+02 1.258257702178110282e+00 9.497439207110466297e-01
8.900378387042442441e+00 1.015999999999999943e+02 5.000000000000000000e+00 6.096000000000000227e+02 4.200000000000000000e+01 4.200000000000000000e+02 6.592514982966379478e+01 3.939306412134808397e+02 1.569646424515804606e+00 9.379300981273352988e-01
1.780075677408488488e+01 1.015999999999999943e+02 5.000000000000000000e+00 6.096000000000000227e+02 8.400000000000000000e+01 4.200000000000000000e+02 1.031812076539406178e+02 3.976900951124049470e+02 1.228347710165959672e+00 9.468811788390594231e-01
1.140797000518321980e+01 1.015999999999999943e+02 5.000000000000000000e+00 6.096000000000000227e+02 6.900000000000000000e+01 6.900000000000000000e+02 1.057703876650761856e+02 6.382969298682521639e+02 1.532904169059075228e+00 9.250680143018147339e-01
1.653328986258437894e+01 1.015999999999999943e+02 5.000000000000000000e+00 6.096000000000000227e+02 1.000000000000000000e+02 6.900000000000000000e+02 1.311507190939326506e+02 6.403654380623531779e+02 1.311507190939326550e+00 9.280658522642799557e-01
9.327370620340570184e+00 2.730000000000000000e+02 1.000000000000000000e+01 1.638000000000000000e+03 2.350000000000000000e+01 2.350000000000000000e+02 3.673477878403163288e+01 2.223360817811662855e+02 1.563182075916239588e+00 9.461109863028352995e-01
1.865474124068114037e+01 2.730000000000000000e+02 1.000000000000000000e+01 1.638000000000000000e+03 4.700000000000000000e+01 2.350000000000000000e+02 5.502156433398027247e+01 2.220315016721511938e+02 1.170671581574048270e+00 9.448149007325582494e-01
1.146408715402857403e+01 2.730000000000000000e+02 1.000000000000000000e+01 1.638000000000000000e+03 3.550000000000000000e+01 3.550000000000000000e+02 5.429296928171534375e+01 3.312016367096359204e+02 1.529379416386347668e+00 9.329623569285518947e-01
2.292817430805714807e+01 2.730000000000000000e+02 1.000000000000000000e+01 1.638000000000000000e+03 7.100000000000000000e+01 3.550000000000000000e+02 7.868799796303464689e+01 3.336527633228399168e+02 1.108281661451192113e+00 9.398669389375772232e-01
1.246952607563323312e+01 2.730000000000000000e+02 1.000000000000000000e+01 1.638000000000000000e+03 4.200000000000000000e+01 4.200000000000000000e+02 6.357824076486393494e+01 3.910367285775631103e+02 1.513767637258665033e+00 9.310398299465788563e-01
2.493905215126646624e+01 2.730000000000000000e+02 1.000000000000000000e+01 1.638000000000000000e+03 8.400000000000000000e+01 4.200000000000000000e+02 9.113977750016294976e+01 3.939743077209589046e+02 1.084997351192416026e+00 9.380340660022831178e-01
1.598268896710847464e+01 2.730000000000000000e+02 1.000000000000000000e+01 1.638000000000000000e+03 6.900000000000000000e+01 6.900000000000000000e+02 9.681491579764679045e+01 6.298641071682970960e+02 1.403114721705025936e+00 9.128465321279668476e-01
2.316331734363546957e+01 2.730000000000000000e+02 1.000000000000000000e+01 1.638000000000000000e+03 1.000000000000000000e+02 6.900000000000000000e+02 1.172789434485521127e+02 6.341482216274552002e+02 1.172789434485521198e+00 9.190553936629785037e-01
1.160497646920110881e+01 1.330000000000000000e+02 4.000000000000000000e+00 7.980000000000000000e+02 2.350000000000000000e+01 2.350000000000000000e+02 3.544933153610752896e+01 2.211478993588471269e+02 1.508482193025852292e+00 9.410548908887111930e-01
2.320995293840221763e+01 1.330000000000000000e+02 4.000000000000000000e+00 7.980000000000000000e+02 4.700000000000000000e+01 2.350000000000000000e+02 5.014821593288819912e+01 2.196154901205476051e+02 1.066983317721025504e+00 9.345340005129685323e-01
1.426344755436710798e+01 1.330000000000000000e+02 4.000000000000000000e+00 7.980000000000000000e+02 3.550000000000000000e+01 3.550000000000000000e+02 5.089122357027658694e+01 3.292417359293880850e+02 1.433555593528917926e+00 9.274415096602480757e-01
2.852689510873421597e+01 1.330000000000000000e+02 4.000000000000000000e+00 7.980000000000000000e+02 7.100000000000000000e+01 3.550000000000000000e+02 7.219770845115751001e+01 3.307019768130689954e+02 1.016869133114894463e+00 9.315548642621661601e-01
1.551439977888747812e+01 1.330000000000000000e+02 4.000000000000000000e+00 7.980000000000000000e+02 4.200000000000000000e+01 4.200000000000000000e+02 5.849953651231059126e+01 3.887734900241020455e+02 1.392846107435966374e+00 9.256511667240524543e-01
3.102879955777495624e+01 1.330000000000000000e+02 4.000000000000000000e+00 7.980000000000000000e+02 8.400000000000000000e+01 4.200000000000000000e+02 8.362396018554699140e+01 3.907728338576583837e+02 9.955233355422260511e-01 9.304115091849008978e-01
1.988542504930308041e+01 1.330000000000000000e+02 4.000000000000000000e+00 7.980000000000000000e+02 6.900000000000000000e+01 6.900000000000000000e+02 8.904124464446793752e+01 6.298884684389403219e+02 1.290452820934318012e+00 9.128818383173048501e-01
2.881945659319287145e+01 1.330000000000000000e+02 4.000000000000000000e+00 7.980000000000000000e+02 1.000000000000000000e+02 6.900000000000000000e+02 1.082662377653071246e+02 6.292484146276013917e+02 1.082662377653071273e+00 9.119542240979729986e-01
1.443492492477201772e+01 1.015999999999999943e+02 2.500000000000000000e+00 6.096000000000000227e+02 2.350000000000000000e+01 2.350000000000000000e+02 3.254996436356865530e+01 2.201313455290262198e+02 1.385104866534836443e+00 9.367291299107498581e-01
2.886984984954403544e+01 1.015999999999999943e+02 2.500000000000000000e+00 6.096000000000000227e+02 4.700000000000000000e+01 2.350000000000000000e+02 4.546622289738746758e+01 2.169978624699245700e+02 9.673664446252652205e-01 9.233951594464875345e-01
1.774168135214546638e+01 1.015999999999999943e+02 2.500000000000000000e+00 6.096000000000000227e+02 3.550000000000000000e+01 3.550000000000000000e+02 4.598736619465995545e+01 3.268770357300572300e+02 1.295418766046759318e+00 9.207803823381893737e-01
3.548336270429093275e+01 1.015999999999999943e+02 2.500000000000000000e+00 6.096000000000000227e+02 7.100000000000000000e+01 3.550000000000000000e+02 6.565761263755422306e+01 3.280352497708216220e+02 9.247551075711862856e-01 9.240429571009060039e-01
1.929768635511564057e+01 1.015999999999999943e+02 2.500000000000000000e+00 6.096000000000000227e+02 4.200000000000000000e+01 4.200000000000000000e+02 5.311707334300475480e+01 3.859765760297915449e+02 1.264692222452494130e+00 9.189918476899798794e-01
3.859537271023128113e+01 1.015999999999999943e+02 2.500000000000000000e+00 6.096000000000000227e+02 8.400000000000000000e+01 4.200000000000000000e+02 7.616885311118352320e+01 3.879822919710712199e+02 9.067720608474229005e-01 9.237673618358838157e-01
2.473461436528282320e+01 1.015999999999999943e+02 2.500000000000000000e+00 6.096000000000000227e+02 6.900000000000000000e+01 6.900000000000000000e+02 8.129912452863825933e+01 6.255524907161631063e+02 1.178248181574467424e+00 9.065978126321204700e-01
3.584726719606206302e+01 1.015999999999999943e+02 2.500000000000000000e+00 6.096000000000000227e+02 1.000000000000000000e+02 6.900000000000000000e+02 9.928083943637784614e+01 6.349028589053280029e+02 9.928083943637784348e-01 9.201490708772869231e-01
1.629642877052321737e+01 2.730000000000000000e+02 6.000000000000000000e+00 1.638000000000000000e+03 2.350000000000000000e+01 2.350000000000000000e+02 3.059362719746233594e+01 2.196400206948397340e+02 1.301856476487758929e+00 9.346383859354882029e-01
3.259285754104643473e+01 2.730000000000000000e+02 6.000000000000000000e+00 1.638000000000000000e+03 4.700000000000000000e+01 2.350000000000000000e+02 4.306757779953083087e+01 2.156582605982193854e+02 9.163314425432091959e-01 9.176947259498696718e-01
2.002961899222520969e+01 2.730000000000000000e+02 6.000000000000000000e+00 1.638000000000000000e+03 3.550000000000000000e+01 3.550000000000000000e+02 4.355420553278826645e+01 3.256351355037454027e+02 1.226879029092627249e+00 9.172820718415363173e-01
4.005923798445041939e+01 2.730000000000000000e+02 6.000000000000000000e+00 1.638000000000000000e+03 7.100000000000000000e+01 3.550000000000000000e+02 6.222074931557745714e+01 3.269441237834716389e+02 8.763485819095416796e-01 9.209693627703426921e-01
2.178628380549105970e+01 2.730000000000000000e+02 6.000000000000000000e+00 1.638000000000000000e+03 4.200000000000000000e+01 4.200000000000000000e+02 5.034863407623569742e+01 3.843815409278366246e+02 1.198777001815135579e+00 9.151941450662777200e-01
4.357256761098211939e+01 2.730000000000000000e+02 6.000000000000000000e+00 1.638000000000000000e+03 8.400000000000000000e+01 4.200000000000000000e+02 7.244932768242310317e+01 3.868263436728223610e+02 8.624919962193227096e-01 9.210151039829104214e-01
2.792434898490184736e+01 2.730000000000000000e+02 6.000000000000000000e+00 1.638000000000000000e+03 6.900000000000000000e+01 6.900000000000000000e+02 7.746634993875548503e+01 6.229462414547890603e+02 1.122700723750079455e+00 9.028206397895494062e-01
4.047007099261136887e+01 2.730000000000000000e+02 6.000000000000000000e+00 1.638000000000000000e+03 1.000000000000000000e+02 6.900000000000000000e+02 9.499826186369170955e+01 6.314841077382453705e+02 9.499826186369171310e-01 9.151943590409352680e-01
1.759884279231388859e+01 2.445000000000000000e+02 5.000000000000000000e+00 1.467000000000000000e+03 2.350000000000000000e+01 2.350000000000000000e+02 2.944045108142795542e+01 2.193638822628411731e+02 1.252785152401189483e+00 9.334633287780474964e-01
3.519768558462777719e+01 2.445000000000000000e+02 5.000000000000000000e+00 1.467000000000000000e+03 4.700000000000000000e+01 2.350000000000000000e+02 4.159282447306242858e+01 2.147967102327580449e+02 8.849537121928175987e-01 9.140285541819491710e-01
2.163039036329912435e+01 2.445000000000000000e+02 5.000000000000000000e+00 1.467000000000000000e+03 3.550000000000000000e+01 3.550000000000000000e+02 4.196015970576144838e+01 3.249833136518889205e+02 1.181976329739759191e+00 9.154459539489828712e-01
4.326078072659824869e+01 2.445000000000000000e+02 5.000000000000000000e+00 1.467000000000000000e+03 7.100000000000000000e+01 3.550000000000000000e+02 5.757853045103814793e+01 3.259950170425015017e+02 8.109652176202556406e-01 9.182958226549338132e-01
2.352744819865592873e+01 2.445000000000000000e+02 5.000000000000000000e+00 1.467000000000000000e+03 4.200000000000000000e+01 4.200000000000000000e+02 4.852851237196897927e+01 3.832848152095797900e+02 1.155440770761166247e+00 9.125828933561423995e-01
4.705489639731185747e+01 2.445000000000000000e+02 5.000000000000000000e+00 1.467000000000000000e+03 8.400000000000000000e+01 4.200000000000000000e+02 0.000000000000000000e+00 3.858148295060476585e+02 0.000000000000000000e+00 9.186067369191610599e-01
3.015606884079421235e+01 2.445000000000000000e+02 5.000000000000000000e+00 1.467000000000000000e+03 6.900000000000000000e+01 6.900000000000000000e+02 7.485011345170893549e+01 6.211831602932769556e+02 1.084784252923317815e+00 9.002654497004013434e-01
4.370444759535393331e+01 2.445000000000000000e+02 5.000000000000000000e+00 1.467000000000000000e+03 1.000000000000000000e+02 6.900000000000000000e+02 9.212413446091373714e+01 6.299497446771763407e+02 9.212413446091374247e-01 9.129706444596759063e-01
1.984951979738589145e+01 2.190999999999999943e+02 4.000000000000000000e+00 1.314599999999999909e+03 2.350000000000000000e+01 2.350000000000000000e+02 2.763476674727604276e+01 2.188034996438887561e+02 1.175947521160682685e+00 9.310787218888882943e-01
3.969903959477178290e+01 2.190999999999999943e+02 4.000000000000000000e+00 1.314599999999999909e+03 4.700000000000000000e+01 2.350000000000000000e+02 3.799568842206578267e+01 2.279539487173420298e+02 8.084189025971443288e-01 9.700168030525192497e-01
2.439665305317724986e+01 2.190999999999999943e+02 4.000000000000000000e+00 1.314599999999999909e+03 3.550000000000000000e+01 3.550000000000000000e+02 3.959069034233537820e+01 3.240835208142222541e+02 1.115230713868602175e+00 9.129113262372458015e-01
4.879330610635449972e+01 2.190999999999999943e+02 4.000000000000000000e+00 1.314599999999999909e+03 7.100000000000000000e+01 3.550000000000000000e+02 0.000000000000000000e+00 3.251190897159586370e+02 0.000000000000000000e+00 9.158284217350947110e-01
2.653632141115285137e+01 2.190999999999999943e+02 4.000000000000000000e+00 1.314599999999999909e+03 4.200000000000000000e+01 4.200000000000000000e+02 4.590497262585027727e+01 3.823403803910632064e+02 1.092975538710720951e+00 9.103342390263409190e-01
5.307264282230570274e+01 2.190999999999999943e+02 4.000000000000000000e+00 1.314599999999999909e+03 8.400000000000000000e+01 4.200000000000000000e+02 0.000000000000000000e+00 3.845597902553887479e+02 0.000000000000000000e+00 9.156185482271160803e-01
3.401266165796434393e+01 2.190999999999999943e+02 4.000000000000000000e+00 1.314599999999999909e+03 6.900000000000000000e+01 6.900000000000000000e+02 7.110307128766029905e+01 6.182049599074205162e+02 1.030479294024062353e+00 8.959492172571311697e-01
4.929371254777441180e+01 2.190999999999999943e+02 4.000000000000000000e+00 1.314599999999999909e+03 1.000000000000000000e+02 6.900000000000000000e+02 8.657482536619347968e+01 6.298194338760108621e+02 8.657482536619347524e-01 9.127817882261026750e-01
2.228235853183522153e+01 2.445000000000000000e+02 4.000000000000000000e+00 1.467000000000000000e+03 2.350000000000000000e+01 2.350000000000000000e+02 2.607510725052060963e+01 2.190770620140632445e+02 1.109579031937047322e+00 9.322428170811202230e-01
4.456471706367044305e+01 2.445000000000000000e+02 4.000000000000000000e+00 1.467000000000000000e+03 4.700000000000000000e+01 2.350000000000000000e+02 0.000000000000000000e+00 2.273978869860056591e+02 0.000000000000000000e+00 9.676505829191730523e-01
2.738680712967574493e+01 2.445000000000000000e+02 4.000000000000000000e+00 1.467000000000000000e+03 3.550000000000000000e+01 3.550000000000000000e+02 3.745836481955044661e+01 3.235675828617963248e+02 1.055165206184519588e+00 9.114579798923839737e-01
5.477361425935148986e+01 2.445000000000000000e+02 4.000000000000000000e+00 1.467000000000000000e+03 7.100000000000000000e+01 3.550000000000000000e+02 0.000000000000000000e+00 3.237612128584769948e+02 0.000000000000000000e+00 9.120034165027520734e-01
2.978872203634841398e+01 2.445000000000000000e+02 4.000000000000000000e+00 1.467000000000000000e+03 4.200000000000000000e+01 4.200000000000000000e+02 4.344671886559801521e+01 3.808726387393226673e+02 1.034445687276143166e+00 9.068396160460063804e-01
5.957744407269682796e+01 2.445000000000000000e+02 4.000000000000000000e+00 1.467000000000000000e+03 8.400000000000000000e+01 4.200000000000000000e+02 0.000000000000000000e+00 4.003381121512621803e+02 0.000000000000000000e+00 9.531859813125289627e-01
3.818139327403661554e+01 2.445000000000000000e+02 4.000000000000000000e+00 1.467000000000000000e+03 6.900000000000000000e+01 6.900000000000000000e+02 6.742590580605086359e+01 6.160166613575318024e+02 9.771870406674038056e-01 8.927777700833794405e-01
5.533535257106755978e+01 2.445000000000000000e+02 4.000000000000000000e+00 1.467000000000000000e+03 1.000000000000000000e+02 6.900000000000000000e+02 0.000000000000000000e+00 6.277760558701609170e+02 0.000000000000000000e+00 9.098203708263201683e-01
2.501228775230443446e+01 2.730000000000000000e+02 4.000000000000000000e+00 1.638000000000000000e+03 2.350000000000000000e+01 2.350000000000000000e+02 2.450812257100830038e+01 2.187342486696762194e+02 1.042898832808863752e+00 9.307840368922392082e-01
5.002457550460886893e+01 2.730000000000000000e+02 4.000000000000000000e+00 1.638000000000000000e+03 4.700000000000000000e+01 2.350000000000000000e+02 0.000000000000000000e+00 2.270091406885867400e+02 0.000000000000000000e+00 9.659963433556882917e-01
3.074210925946777451e+01 2.730000000000000000e+02 4.000000000000000000e+00 1.638000000000000000e+03 3.550000000000000000e+01 3.550000000000000000e+02 3.530436275551933534e+01 3.227828568885910840e+02 9.944890917047699563e-01 9.092474841932143281e-01
6.148421851893554901e+01 2.730000000000000000e+02 4.000000000000000000e+00 1.638000000000000000e+03 7.100000000000000000e+01 3.550000000000000000e+02 0.000000000000000000e+00 3.231414138803555716e+02 0.000000000000000000e+00 9.102575038883256031e-01
3.343829542469855909e+01 2.730000000000000000e+02 4.000000000000000000e+00 1.638000000000000000e+03 4.200000000000000000e+01 4.200000000000000000e+02 4.099653519266651358e+01 3.797724048877227574e+02 9.761079807777741646e-01 9.042200116374351504e-01
6.687659084939711818e+01 2.730000000000000000e+02 4.000000000000000000e+00 1.638000000000000000e+03 8.400000000000000000e+01 4.200000000000000000e+02 0.000000000000000000e+00 3.960560888171689840e+02 0.000000000000000000e+00 9.429906876599261079e-01
4.285919706343801039e+01 2.730000000000000000e+02 4.000000000000000000e+00 1.638000000000000000e+03 6.900000000000000000e+01 6.900000000000000000e+02 6.428868215833733757e+01 6.144231262993814653e+02 9.317200312802512707e-01 8.904682989846107732e-01
6.211477835280869897e+01 2.730000000000000000e+02 4.000000000000000000e+00 1.638000000000000000e+03 1.000000000000000000e+02 6.900000000000000000e+02 0.000000000000000000e+00 6.258388555894233605e+02 0.000000000000000000e+00 9.070128341875700606e-01
2.684508711516770418e+01 2.190999999999999943e+02 3.000000000000000000e+00 1.314599999999999909e+03 2.350000000000000000e+01 2.350000000000000000e+02 2.363991447089905051e+01 2.183597204461534602e+02 1.005953807272299994e+00 9.291902997708657574e-01
5.369017423033540837e+01 2.190999999999999943e+02 3.000000000000000000e+00 1.314599999999999909e+03 4.700000000000000000e+01 2.350000000000000000e+02 0.000000000000000000e+00 2.262508893699461794e+02 0.000000000000000000e+00 9.627697419997709449e-01
3.299476678611223690e+01 2.190999999999999943e+02 3.000000000000000000e+00 1.314599999999999909e+03 3.550000000000000000e+01 3.550000000000000000e+02 3.421556232623525773e+01 3.220467728296991368e+02 9.638186570770495010e-01 9.071740079709834648e-01
6.598953357222447380e+01 2.190999999999999943e+02 3.000000000000000000e+00 1.314599999999999909e+03 7.100000000000000000e+01 3.550000000000000000e+02 0.000000000000000000e+00 3.223579249183367779e+02 0.000000000000000000e+00 9.080504927277092131e-01
3.588851857727584616e+01 2.190999999999999943e+02 3.000000000000000000e+00 1.314599999999999909e+03 4.200000000000000000e+01 4.200000000000000000e+02 3.987387493746152245e+01 3.799593784791971416e+02 9.493779747014647885e-01 9.046651868552313402e-01
7.177703715455169231e+01 2.190999999999999943e+02 3.000000000000000000e+00 1.314599999999999909e+03 8.400000000000000000e+01 4.200000000000000000e+02 0.000000000000000000e+00 4.004254917586694660e+02 0.000000000000000000e+00 9.533940279968320386e-01
4.599974581485973602e+01 2.190999999999999943e+02 3.000000000000000000e+00 1.314599999999999909e+03 6.900000000000000000e+01 6.900000000000000000e+02 6.215563469750535575e+01 6.129858997144269779e+02 9.008062999638457580e-01 8.883853619049666417e-01
6.666629828240540689e+01 2.190999999999999943e+02 3.000000000000000000e+00 1.314599999999999909e+03 1.000000000000000000e+02 6.900000000000000000e+02 0.000000000000000000e+00 6.233553671337615469e+02 0.000000000000000000e+00 9.034135755561761849e-01
