4.330497395199783384e+00 1.778000000000000114e+02 1.250000000000000000e+01 1.066799999999999955e+03 2.350000000000000000e+01 2.350000000000000000e+02 4.334361608120745046e+01 2.224288331212768526e+02 1.844409194944997887e+00 9.465056728564972266e-01
8.660994790399566767e+00 1.778000000000000114e+02 1.250000000000000000e+01 1.066799999999999955e+03 4.700000000000000000e+01 2.350000000000000000e+02 6.950649803623886669e+01 2.302623330008072173e+02 1.478861660345507811e+00 9.798397148970520165e-01
5.322528886179431318e+00 1.778000000000000114e+02 1.250000000000000000e+01 1.066799999999999955e+03 3.550000000000000000e+01 3.550000000000000000e+02 6.067200033178598062e+01 3.353292276801465164e+02 1.709070431881295260e+00 9.445893737468915585e-01
1.064505777235886264e+01 1.778000000000000114e+02 1.250000000000000000e+01 1.066799999999999955e+03 7.100000000000000000e+01 3.550000000000000000e+02 9.851879530451020628e+01 3.419094723726810230e+02 1.387588666260707093e+00 9.631252742892423280e-01
5.789332534095639637e+00 1.778000000000000114e+02 1.250000000000000000e+01 1.066799999999999955e+03 4.200000000000000000e+01 4.200000000000000000e+02 7.028486027721864104e+01 3.913366762402550307e+02 1.673449054219491527e+00 9.317539910482263155e-01
1.157866506819127927e+01 1.778000000000000114e+02 1.250000000000000000e+01 1.066799999999999955e+03 8.400000000000000000e+01 4.200000000000000000e+02 1.128284005133760104e+02 4.007797015337528137e+02 1.343195244206857319e+00 9.542373846041733998e-01
7.420418439191857729e+00 1.778000000000000114e+02 1.250000000000000000e+01 1.066799999999999955e+03 6.900000000000000000e+01 6.900000000000000000e+02 1.100109511298949485e+02 6.434427223887570335e+02 1.594361610578187705e+00 9.325256846213869633e-01
1.075422962201718491e+01 1.778000000000000114e+02 1.250000000000000000e+01 1.066799999999999955e+03 1.000000000000000000e+02 6.900000000000000000e+02 1.398780646556174077e+02 6.428410597671916094e+02 1.398780646556174068e+00 9.316537098075240442e-01
6.657600888251725912e+00 1.015999999999999943e+02 5.000000000000000000e+00 6.096000000000000227e+02 2.350000000000000000e+01 2.350000000000000000e+02 4.046826777018951304e+01 2.218855390774730836e+02 1.722053947667638862e+00 9.441937833083960951e-01
1.331520177650345182e+01 1.015999999999999943e+02 5.000000000000000000e+00 6.096000000000000227e+02 4.700000000000000000e+01 2.350000000000000000e+02 6.655013186331206043e+01 2.237267269665473179e+02 1.415960252410894959e+00 9.520286253895630102e-01
8.182725864158816975e+00 1.015999999999999943e+02 5.000000000000000000e+00 6.096000000000000227e+02 3.550000000000000000e+01 3.550000000000000000e+02 5.743989925577604083e+01 3.322736286876485678e+02 1.618025331148620793e+00 9.359820526412635511e-01
1.636545172831763395e+01 1.015999999999999943e+02 5.000000000000000000e+00 6.096000000000000227e+02 7.100000000000000000e+01 3.550000000000000000e+02 9.522434427286536618e+01 3.350729277263261565e+02 1.341187947505146028e+00 9.438674020459891789e-01
8.900378387042442441e+00 1.015999999999999943e+02 5.000000000000000000e+00 6.096000000000000227e+02 4.200000000000000000e+01 4.200000000000000000e+02 6.653855846471658708e+01 3.880961345087922609e+02 1.584251392017061555e+00 9.240384154971243991e-01
1.780075677408488488e+01 1.015999999999999943e+02 5.000000000000000000e+00 6.096000000000000227e+02 8.400000000000000000e+01 4.200000000000000000e+02 1.099184138728191442e+02 3.936421666812369722e+02 1.308552546104989833e+00 9.372432540029451697e-01
1.140797000518321980e+01 1.015999999999999943e+02 5.000000000000000000e+00 6.096000000000000227e+02 6.900000000000000000e+01 6.900000000000000000e+02 1.043203126869310040e+02 6.344152508107325730e+02 1.511888589665666638e+00 9.194423924793225789e-01
1.653328986258437894e+01 1.015999999999999943e+02 5.000000000000000000e+00 6.096000000000000227e+02 1.000000000000000000e+02 6.900000000000000000e+02 1.345191076076307581e+02 6.357721942174405285e+02 1.345191076076307501e+00 9.214089771267254259e-01
9.327370620340570184e+00 2.730000000000000000e+02 1.000000000000000000e+01 1.638000000000000000e+03 2.350000000000000000e+01 2.350000000000000000e+02 3.805849958482713902e+01 2.201216812621917711e+02 1.619510620630941977e+00 9.366880053710288090e-01
1.865474124068114037e+01 2.730000000000000000e+02 1.000000000000000000e+01 1.638000000000000000e+03 4.700000000000000000e+01 2.350000000000000000e+02 5.990952526218973873e+01 2.239872185819103834e+02 1.274670750259356167e+00 9.531371003485548110e-01
1.146408715402857403e+01 2.730000000000000000e+02 1.000000000000000000e+01 1.638000000000000000e+03 3.550000000000000000e+01 3.550000000000000000e+02 5.434073130984923949e+01 3.296551933248587147e+02 1.530724825629556030e+00 9.286061783798836844e-01
2.292817430805714807e+01 2.730000000000000000e+02 1.000000000000000000e+01 1.638000000000000000e+03 7.100000000000000000e+01 3.550000000000000000e+02 8.681198175486393609e+01 3.332534463217634766e+02 1.222703968378365369e+00 9.387421023148266874e-01
1.246952607563323312e+01 2.730000000000000000e+02 1.000000000000000000e+01 1.638000000000000000e+03 4.200000000000000000e+01 4.200000000000000000e+02 6.353374304210256440e+01 3.847759042336110724e+02 1.512708167669108761e+00 9.161331053181216433e-01
2.493905215126646624e+01 2.730000000000000000e+02 1.000000000000000000e+01 1.638000000000000000e+03 8.400000000000000000e+01 4.200000000000000000e+02 1.014387340628080807e+02 3.914304723655294538e+02 1.207603976938191437e+00 9.319773151560225566e-01
1.598268896710847464e+01 2.730000000000000000e+02 1.000000000000000000e+01 1.638000000000000000e+03 6.900000000000000000e+01 6.900000000000000000e+02 9.992484491867118379e+01 6.219241779138517359e+02 1.448186158241611343e+00 9.013393882809445090e-01
2.316331734363546957e+01 2.730000000000000000e+02 1.000000000000000000e+01 1.638000000000000000e+03 1.000000000000000000e+02 6.900000000000000000e+02 1.308631240911938107e+02 6.278304793495360627e+02 1.308631240911938054e+00 9.098992454341102709e-01
1.160497646920110881e+01 1.330000000000000000e+02 4.000000000000000000e+00 7.980000000000000000e+02 2.350000000000000000e+01 2.350000000000000000e+02 3.623699539846502660e+01 2.185854819939399647e+02 1.541999804190001155e+00 9.301509872082551755e-01
2.320995293840221763e+01 1.330000000000000000e+02 4.000000000000000000e+00 7.980000000000000000e+02 4.700000000000000000e+01 2.350000000000000000e+02 5.498237906698833655e+01 2.241573767037172900e+02 1.169837852489113539e+00 9.538611774626267747e-01
1.426344755436710798e+01 1.330000000000000000e+02 4.000000000000000000e+00 7.980000000000000000e+02 3.550000000000000000e+01 3.550000000000000000e+02 5.268641205936122418e+01 3.292553685093997160e+02 1.484124283362288077e+00 9.274799112940836920e-01
2.852689510873421597e+01 1.330000000000000000e+02 4.000000000000000000e+00 7.980000000000000000e+02 7.100000000000000000e+01 3.550000000000000000e+02 8.027230795478814684e+01 3.326273711729066349e+02 1.130595886687157048e+00 9.369785103462158204e-01
1.551439977888747812e+01 1.330000000000000000e+02 4.000000000000000000e+00 7.980000000000000000e+02 4.200000000000000000e+01 4.200000000000000000e+02 6.149027797265360107e+01 3.822559256101508254e+02 1.464054237444133433e+00 9.101331562146448562e-01
3.102879955777495624e+01 1.330000000000000000e+02 4.000000000000000000e+00 7.980000000000000000e+02 8.400000000000000000e+01 4.200000000000000000e+02 9.414792277643395835e+01 3.902614191988711241e+02 1.120808604481356552e+00 9.291938552354074288e-01
1.988542504930308041e+01 1.330000000000000000e+02 4.000000000000000000e+00 7.980000000000000000e+02 6.900000000000000000e+01 6.900000000000000000e+02 9.727264901844544909e+01 6.172535540548428799e+02 1.409748536499209504e+00 8.945703681954244590e-01
2.881945659319287145e+01 1.330000000000000000e+02 4.000000000000000000e+00 7.980000000000000000e+02 1.000000000000000000e+02 6.900000000000000000e+02 1.219600706685845921e+02 6.247343436607709464e+02 1.219600706685845859e+00 9.054120922619869338e-01
1.443492492477201772e+01 1.015999999999999943e+02 2.500000000000000000e+00 6.096000000000000227e+02 2.350000000000000000e+01 2.350000000000000000e+02 3.451120703946829593e+01 2.174246819394432748e+02 1.468562001679502016e+00 9.252114125082692153e-01
2.886984984954403544e+01 1.015999999999999943e+02 2.500000000000000000e+00 6.096000000000000227e+02 4.700000000000000000e+01 2.350000000000000000e+02 5.038452139392171603e+01 2.245545484729397572e+02 1.072011093487696076e+00 9.555512700976159790e-01
1.774168135214546638e+01 1.015999999999999943e+02 2.500000000000000000e+00 6.096000000000000227e+02 3.550000000000000000e+01 3.550000000000000000e+02 5.017336975817751465e+01 3.262745776142674572e+02 1.413334359385282069e+00 9.190833172232886206e-01
3.548336270429093275e+01 1.015999999999999943e+02 2.500000000000000000e+00 6.096000000000000227e+02 7.100000000000000000e+01 3.550000000000000000e+02 7.417050899627764693e+01 3.335895865584847115e+02 1.044655056285600736e+00 9.396889762210837160e-01
1.929768635511564057e+01 1.015999999999999943e+02 2.500000000000000000e+00 6.096000000000000227e+02 4.200000000000000000e+01 4.200000000000000000e+02 5.830118863601621371e+01 3.796721186377985759e+02 1.388123538952767078e+00 9.039812348519014051e-01
3.859537271023128113e+01 1.015999999999999943e+02 2.500000000000000000e+00 6.096000000000000227e+02 8.400000000000000000e+01 4.200000000000000000e+02 8.717089376454089233e+01 3.900307710136271453e+02 1.037748735292153501e+00 9.286446928895883968e-01
2.473461436528282320e+01 1.015999999999999943e+02 2.500000000000000000e+00 6.096000000000000227e+02 6.900000000000000000e+01 6.900000000000000000e+02 9.007500118313801352e+01 6.139049866291487660e+02 1.305434799755623487e+00 8.897173719263025138e-01
3.584726719606206302e+01 1.015999999999999943e+02 2.500000000000000000e+00 6.096000000000000227e+02 1.000000000000000000e+02 6.900000000000000000e+02 1.131127703184216671e+02 6.222499867507692670e+02 1.131127703184216626e+00 9.018115750011148624e-01
1.629642877052321737e+01 2.730000000000000000e+02 6.000000000000000000e+00 1.638000000000000000e+03 2.350000000000000000e+01 2.350000000000000000e+02 3.301460649306116579e+01 2.174402186653289846e+02 1.404876872045156100e+00 9.252775262354424601e-01
3.259285754104643473e+01 2.730000000000000000e+02 6.000000000000000000e+00 1.638000000000000000e+03 4.700000000000000000e+01 2.350000000000000000e+02 4.806682765809602387e+01 2.240139456863185501e+02 1.022698460810553600e+00 9.532508327077384713e-01
2.002961899222520969e+01 2.730000000000000000e+02 6.000000000000000000e+00 1.638000000000000000e+03 3.550000000000000000e+01 3.550000000000000000e+02 4.765091134520925209e+01 3.274875298599827147e+02 1.342279192822795730e+00 9.225000841126274054e-01
4.005923798445041939e+01 2.730000000000000000e+02 6.000000000000000000e+00 1.638000000000000000e+03 7.100000000000000000e+01 3.550000000000000000e+02 7.105940427560375383e+01 3.334188513150281210e+02 1.000836679938081009e+00 9.392080318733186939e-01
2.178628380549105970e+01 2.730000000000000000e+02 6.000000000000000000e+00 1.638000000000000000e+03 4.200000000000000000e+01 4.200000000000000000e+02 5.529117075419240024e+01 3.781023247332594792e+02 1.316456446528390556e+00 9.002436303172844934e-01
4.357256761098211939e+01 2.730000000000000000e+02 6.000000000000000000e+00 1.638000000000000000e+03 8.400000000000000000e+01 4.200000000000000000e+02 8.348095307113963770e+01 3.902073138771821164e+02 9.938208698945194541e-01 9.290650330409098157e-01
2.792434898490184736e+01 2.730000000000000000e+02 6.000000000000000000e+00 1.638000000000000000e+03 6.900000000000000000e+01 6.900000000000000000e+02 8.615435202890357402e+01 6.116305072814111554e+02 1.248613797520341739e+00 8.864210250455234474e-01
4.047007099261136887e+01 2.730000000000000000e+02 6.000000000000000000e+00 1.638000000000000000e+03 1.000000000000000000e+02 6.900000000000000000e+02 1.082303573649790991e+02 6.200308636579372887e+02 1.082303573649791018e+00 8.985954545767207424e-01
1.759884279231388859e+01 2.445000000000000000e+02 5.000000000000000000e+00 1.467000000000000000e+03 2.350000000000000000e+01 2.350000000000000000e+02 3.181534286105922149e+01 2.170333515652233132e+02 1.353844377066349747e+00 9.235461768732906584e-01
3.519768558462777719e+01 2.445000000000000000e+02 5.000000000000000000e+00 1.467000000000000000e+03 4.700000000000000000e+01 2.350000000000000000e+02 4.669294386076776959e+01 2.239237897722967148e+02 9.934668906546334499e-01 9.528671905204115777e-01
2.163039036329912435e+01 2.445000000000000000e+02 5.000000000000000000e+00 1.467000000000000000e+03 3.550000000000000000e+01 3.550000000000000000e+02 4.603930903897552440e+01 3.266466400079126515e+02 1.296881944759873839e+00 9.201313803039793404e-01
4.326078072659824869e+01 2.445000000000000000e+02 5.000000000000000000e+00 1.467000000000000000e+03 7.100000000000000000e+01 3.550000000000000000e+02 6.918007899060513921e+01 3.335194705198771885e+02 9.743673097268329419e-01 9.394914662531751448e-01
2.352744819865592873e+01 2.445000000000000000e+02 5.000000000000000000e+00 1.467000000000000000e+03 4.200000000000000000e+01 4.200000000000000000e+02 5.352861401171587374e+01 3.775913548587328705e+02 1.274490809802758973e+00 8.990270353779353796e-01
4.705489639731185747e+01 2.445000000000000000e+02 5.000000000000000000e+00 1.467000000000000000e+03 8.400000000000000000e+01 4.200000000000000000e+02 8.135960913887353740e+01 3.897031545019235068e+02 9.685667754627802495e-01 9.278646535760083358e-01
3.015606884079421235e+01 2.445000000000000000e+02 5.000000000000000000e+00 1.467000000000000000e+03 6.900000000000000000e+01 6.900000000000000000e+02 8.359688415455725874e+01 6.107352103918960893e+02 1.211549045718221196e+00 8.851234933215885725e-01
4.370444759535393331e+01 2.445000000000000000e+02 5.000000000000000000e+00 1.467000000000000000e+03 1.000000000000000000e+02 6.900000000000000000e+02 1.055239300064588406e+02 6.187832137104549020e+02 1.055239300064588326e+00 8.967872662470360856e-01
1.984951979738589145e+01 2.190999999999999943e+02 4.000000000000000000e+00 1.314599999999999909e+03 2.350000000000000000e+01 2.350000000000000000e+02 3.005373386075716269e+01 2.165270434310342580e+02 1.278882291947113226e+00 9.213916741746138728e-01
3.969903959477178290e+01 2.190999999999999943e+02 4.000000000000000000e+00 1.314599999999999909e+03 4.700000000000000000e+01 2.350000000000000000e+02 4.463968034268701501e+01 2.233794931056664552e+02 9.497804328231279625e-01 9.505510344921976884e-01
2.439665305317724986e+01 2.190999999999999943e+02 4.000000000000000000e+00 1.314599999999999909e+03 3.550000000000000000e+01 3.550000000000000000e+02 4.367899163811235752e+01 3.255901254095849140e+02 1.230394130651052409e+00 9.171552828439011318e-01
4.879330610635449972e+01 2.190999999999999943e+02 4.000000000000000000e+00 1.314599999999999909e+03 7.100000000000000000e+01 3.550000000000000000e+02 6.624585258124132281e+01 3.332789535288454772e+02 9.330401772005819661e-01 9.388139536023816234e-01
2.653632141115285137e+01 2.190999999999999943e+02 4.000000000000000000e+00 1.314599999999999909e+03 4.200000000000000000e+01 4.200000000000000000e+02 5.092871997731619871e+01 3.769153466332878679e+02 1.212588570888480932e+00 8.974174919840187670e-01
5.307264282230570274e+01 2.190999999999999943e+02 4.000000000000000000e+00 1.314599999999999909e+03 8.400000000000000000e+01 4.200000000000000000e+02 7.797419934410220321e+01 3.902653799083843751e+02 9.282642779059786520e-01 9.292032854961532751e-01
3.401266165796434393e+01 2.190999999999999943e+02 4.000000000000000000e+00 1.314599999999999909e+03 6.900000000000000000e+01 6.900000000000000000e+02 7.975795383955964724e+01 6.082129181947950656e+02 1.155912374486371741e+00 8.814679973837609150e-01
4.929371254777441180e+01 2.190999999999999943e+02 4.000000000000000000e+00 1.314599999999999909e+03 1.000000000000000000e+02 6.900000000000000000e+02 1.013889816537678996e+02 6.160037144024691997e+02 1.013889816537679067e+00 8.927590063803901854e-01
2.228235853183522153e+01 2.445000000000000000e+02 4.000000000000000000e+00 1.467000000000000000e+03 2.350000000000000000e+01 2.350000000000000000e+02 2.858240954503476772e+01 2.164398728066225885e+02 1.216272746597224064e+00 9.210207353473301994e-01
4.456471706367044305e+01 2.445000000000000000e+02 4.000000000000000000e+00 1.467000000000000000e+03 4.700000000000000000e+01 2.350000000000000000e+02 4.278722769711238527e+01 2.229517982721988005e+02 9.103665467470720696e-01 9.487310564774417143e-01
2.738680712967574493e+01 2.445000000000000000e+02 4.000000000000000000e+00 1.467000000000000000e+03 3.550000000000000000e+01 3.550000000000000000e+02 4.163374526406539644e+01 3.253444574407556615e+02 1.172781556734236563e+00 9.164632603964948387e-01
5.477361425935148986e+01 2.445000000000000000e+02 4.000000000000000000e+00 1.467000000000000000e+03 7.100000000000000000e+01 3.550000000000000000e+02 6.375081016798392852e+01 3.341806518024505976e+02 8.978987347603369917e-01 9.413539487392974525e-01
2.978872203634841398e+01 2.445000000000000000e+02 4.000000000000000000e+00 1.467000000000000000e+03 4.200000000000000000e+01 4.200000000000000000e+02 4.855284259376502121e+01 3.765920209838712367e+02 1.156020061756310113e+00 8.966476690092172186e-01
5.957744407269682796e+01 2.445000000000000000e+02 4.000000000000000000e+00 1.467000000000000000e+03 8.400000000000000000e+01 4.200000000000000000e+02 7.509236032423844165e+01 3.913496448066780999e+02 8.939566705266480673e-01 9.317848685873287851e-01
3.818139327403661554e+01 2.445000000000000000e+02 4.000000000000000000e+00 1.467000000000000000e+03 6.900000000000000000e+01 6.900000000000000000e+02 7.641481946704338668e+01 6.064942809607762229e+02 1.107461151696280899e+00 8.789772187837336936e-01
5.533535257106755978e+01 2.445000000000000000e+02 4.000000000000000000e+00 1.467000000000000000e+03 1.000000000000000000e+02 6.900000000000000000e+02 9.717473349772468794e+01 6.163648107789488222e+02 9.717473349772468572e-01 8.932823344622446982e-01
2.501228775230443446e+01 2.730000000000000000e+02 4.000000000000000000e+00 1.638000000000000000e+03 2.350000000000000000e+01 2.350000000000000000e+02 2.707151052401414759e+01 2.159010706710973864e+02 1.151979171234644550e+00 9.187279603025421126e-01
5.002457550460886893e+01 2.730000000000000000e+02 4.000000000000000000e+00 1.638000000000000000e+03 4.700000000000000000e+01 2.350000000000000000e+02 4.080422080520953187e+01 2.226210034870991308e+02 8.681749107491389950e-01 9.473234190940388322e-01
3.074210925946777451e+01 2.730000000000000000e+02 4.000000000000000000e+00 1.638000000000000000e+03 3.550000000000000000e+01 3.550000000000000000e+02 3.959463915713860871e+01 3.259090725798183144e+02 1.115341948088411472e+00 9.180537255769529725e-01
6.148421851893554901e+01 2.730000000000000000e+02 4.000000000000000000e+00 1.638000000000000000e+03 7.100000000000000000e+01 3.550000000000000000e+02 6.111889737096669251e+01 3.355222795801489610e+02 8.608295404361505643e-01 9.451331819159125569e-01
3.343829542469855909e+01 2.730000000000000000e+02 4.000000000000000000e+00 1.638000000000000000e+03 4.200000000000000000e+01 4.200000000000000000e+02 4.625912255245953730e+01 3.761009053773976802e+02 1.101407679820465280e+00 8.954783461366611075e-01
6.687659084939711818e+01 2.730000000000000000e+02 4.000000000000000000e+00 1.638000000000000000e+03 8.400000000000000000e+01 4.200000000000000000e+02 7.192777794219537668e+01 3.924263233061239475e+02 8.562830707404212038e-01 9.343483888241046476e-01
4.285919706343801039e+01 2.730000000000000000e+02 4.000000000000000000e+00 1.638000000000000000e+03 6.900000000000000000e+01 6.900000000000000000e+02 7.307875674801620391e+01 6.055727964642628649e+02 1.059112416637915999e+00 8.776417340061780648e-01
6.211477835280869897e+01 2.730000000000000000e+02 4.000000000000000000e+00 1.638000000000000000e+03 1.000000000000000000e+02 6.900000000000000000e+02 9.338557860948419886e+01 6.175179223912369935e+02 9.338557860948419886e-01 8.949535107119376276e-01
2.684508711516770418e+01 2.190999999999999943e+02 3.000000000000000000e+00 1.314599999999999909e+03 2.350000000000000000e+01 2.350000000000000000e+02 2.625019693289439715e+01 2.155021485998262847e+02 1.117029656718910413e+00 9.170304195737288833e-01
5.369017423033540837e+01 2.190999999999999943e+02 3.000000000000000000e+00 1.314599999999999909e+03 4.700000000000000000e+01 2.350000000000000000e+02 3.976539317929110240e+01 2.224988711214645321e+02 8.460721953040659660e-01 9.468037068998490513e-01
3.299476678611223690e+01 2.190999999999999943e+02 3.000000000000000000e+00 1.314599999999999909e+03 3.550000000000000000e+01 3.550000000000000000e+02 3.841923636993724500e+01 3.252115852350526097e+02 1.082232010420767443e+00 9.160889724931059463e-01
6.598953357222447380e+01 2.190999999999999943e+02 3.000000000000000000e+00 1.314599999999999909e+03 7.100000000000000000e+01 3.550000000000000000e+02 5.934729152583191336e+01 3.350845187706271986e+02 8.358773454342522946e-01 9.439000528750062236e-01
3.588851857727584616e+01 2.190999999999999943e+02 3.000000000000000000e+00 1.314599999999999909e+03 4.200000000000000000e+01 4.200000000000000000e+02 4.491209105718910166e+01 3.752847949602081030e+02 1.069335501361645235e+00 8.935352260957335480e-01
7.177703715455169231e+01 2.190999999999999943e+02 3.000000000000000000e+00 1.314599999999999909e+03 8.400000000000000000e+01 4.200000000000000000e+02 7.054510611197368064e+01 3.928533157399936613e+02 8.398226918092104309e-01 9.353650374761753872e-01
4.599974581485973602e+01 2.190999999999999943e+02 3.000000000000000000e+00 1.314599999999999909e+03 6.900000000000000000e+01 6.900000000000000000e+02 7.095302353824881436e+01 6.050054845252941504e+02 1.028304688960127722e+00 8.768195427902814032e-01
6.666629828240540689e+01 2.190999999999999943e+02 3.000000000000000000e+00 1.314599999999999909e+03 1.000000000000000000e+02 6.900000000000000000e+02 9.110323758673281702e+01 6.170145159826366807e+02 9.110323758673282146e-01 8.942239362067198050e-01
