1.778000000000000114e+02 1.250000000000000000e+01 1.066799999999999955e+03 2.350000000000000000e+01 2.350000000000000000e+02 4.620388545080202647e+01 2.582805572103284248e+02 1.966122785140511864e+00 1.099066200895014500e+00
1.778000000000000114e+02 1.250000000000000000e+01 1.066799999999999955e+03 4.700000000000000000e+01 2.350000000000000000e+02 7.595582645344887851e+01 2.610209508044699760e+02 1.616081413903167618e+00 1.110727450231787206e+00
1.778000000000000114e+02 1.250000000000000000e+01 1.066799999999999955e+03 3.550000000000000000e+01 3.550000000000000000e+02 6.589756170398383972e+01 3.829173882324669194e+02 1.856269343774192615e+00 1.078640530232301220e+00
1.778000000000000114e+02 1.250000000000000000e+01 1.066799999999999955e+03 7.100000000000000000e+01 3.550000000000000000e+02 1.107166386845881618e+02 3.885803588730823321e+02 1.559389277247720695e+00 1.094592560205865706e+00
1.778000000000000114e+02 1.250000000000000000e+01 1.066799999999999955e+03 4.200000000000000000e+01 4.200000000000000000e+02 7.603885911337771120e+01 4.509770508816339429e+02 1.810449026508993198e+00 1.073754883051509346e+00
1.778000000000000114e+02 1.250000000000000000e+01 1.066799999999999955e+03 8.400000000000000000e+01 4.200000000000000000e+02 1.294191560634932898e+02 4.553803302340548385e+02 1.540704238851110519e+00 1.084238881509654417e+00
1.778000000000000114e+02 1.250000000000000000e+01 1.066799999999999955e+03 6.900000000000000000e+01 6.900000000000000000e+02 1.188974605268891338e+02 7.328723275635196615e+02 1.723151601838972979e+00 1.062133808063072005e+00
1.778000000000000114e+02 1.250000000000000000e+01 1.066799999999999955e+03 1.000000000000000000e+02 6.900000000000000000e+02 1.525908852292898246e+02 7.347432244167724775e+02 1.525908852292898299e+00 1.064845252777931073e+00
1.015999999999999943e+02 5.000000000000000000e+00 6.096000000000000227e+02 2.350000000000000000e+01 2.350000000000000000e+02 4.534945009360976087e+01 2.584893210845905855e+02 1.929763833770628212e+00 1.099954557806768429e+00
1.015999999999999943e+02 5.000000000000000000e+00 6.096000000000000227e+02 4.700000000000000000e+01 2.350000000000000000e+02 7.502089436519629828e+01 2.602124628309258583e+02 1.596189241812687287e+00 1.107287075876280280e+00
1.015999999999999943e+02 5.000000000000000000e+00 6.096000000000000227e+02 3.550000000000000000e+01 3.550000000000000000e+02 6.239622721842876274e+01 3.851496018480767134e+02 1.757640203336021445e+00 1.084928455910075140e+00
1.015999999999999943e+02 5.000000000000000000e+00 6.096000000000000227e+02 7.100000000000000000e+01 3.550000000000000000e+02 1.047062883966860483e+02 3.889508084103229066e+02 1.474736456291352749e+00 1.095636080029078530e+00
1.015999999999999943e+02 5.000000000000000000e+00 6.096000000000000227e+02 4.200000000000000000e+01 4.200000000000000000e+02 7.248375661733406616e+01 4.526103334792002784e+02 1.725803728984144358e+00 1.077643651140953063e+00
1.015999999999999943e+02 5.000000000000000000e+00 6.096000000000000227e+02 8.400000000000000000e+01 4.200000000000000000e+02 1.214032879251169561e+02 4.580615356268149299e+02 1.445277237203773213e+00 1.090622703873368904e+00
1.015999999999999943e+02 5.000000000000000000e+00 6.096000000000000227e+02 6.900000000000000000e+01 6.900000000000000000e+02 1.097634384729811217e+02 7.352760645714960219e+02 1.590774470622914771e+00 1.065617484886226096e+00
1.015999999999999943e+02 5.000000000000000000e+00 6.096000000000000227e+02 1.000000000000000000e+02 6.900000000000000000e+02 1.488400973702172507e+02 7.391095061544547207e+02 1.488400973702172614e+00 1.071173197325296700e+00
2.730000000000000000e+02 1.000000000000000000e+01 1.638000000000000000e+03 2.350000000000000000e+01 2.350000000000000000e+02 4.075915593130090286e+01 2.577359210279196304e+02 1.734432167289400084e+00 1.096748600118806927e+00
2.730000000000000000e+02 1.000000000000000000e+01 1.638000000000000000e+03 4.700000000000000000e+01 2.350000000000000000e+02 6.504351818770767579e+01 2.617325647021919508e+02 1.383904642291652776e+00 1.113755594477412458e+00
2.730000000000000000e+02 1.000000000000000000e+01 1.638000000000000000e+03 3.550000000000000000e+01 3.550000000000000000e+02 5.894618553113924975e+01 3.837368738289024463e+02 1.660455930454626694e+00 1.080948940363105404e+00
2.730000000000000000e+02 1.000000000000000000e+01 1.638000000000000000e+03 7.100000000000000000e+01 3.550000000000000000e+02 9.462321126913434455e+01 3.884863090343126260e+02 1.332721285480765516e+00 1.094327631082570695e+00
2.730000000000000000e+02 1.000000000000000000e+01 1.638000000000000000e+03 4.200000000000000000e+01 4.200000000000000000e+02 6.876190175960438467e+01 4.523125344723310945e+02 1.637188137133437804e+00 1.076934605886502583e+00
2.730000000000000000e+02 1.000000000000000000e+01 1.638000000000000000e+03 8.400000000000000000e+01 4.200000000000000000e+02 1.128273612678141689e+02 4.566077682648073619e+02 1.343182872235882952e+00 1.087161353011446119e+00
2.730000000000000000e+02 1.000000000000000000e+01 1.638000000000000000e+03 6.900000000000000000e+01 6.900000000000000000e+02 1.055325195097582593e+02 7.381399510420621937e+02 1.529456804489250032e+00 1.069768044988495870e+00
2.730000000000000000e+02 1.000000000000000000e+01 1.638000000000000000e+03 1.000000000000000000e+02 6.900000000000000000e+02 1.476266094764462480e+02 7.407413785231566408e+02 1.476266094764462578e+00 1.073538229743705275e+00
1.330000000000000000e+02 4.000000000000000000e+00 7.980000000000000000e+02 2.350000000000000000e+01 2.350000000000000000e+02 3.910623224482578308e+01 2.580007898822275934e+02 1.664094989141522651e+00 1.097875701626500389e+00
1.330000000000000000e+02 4.000000000000000000e+00 7.980000000000000000e+02 4.700000000000000000e+01 2.350000000000000000e+02 6.100244478381983271e+01 2.622038186745902522e+02 1.297924357102549608e+00 1.115760930530171224e+00
1.330000000000000000e+02 4.000000000000000000e+00 7.980000000000000000e+02 3.550000000000000000e+01 3.550000000000000000e+02 5.655258810356318122e+01 3.843989950023939173e+02 1.593030650804596604e+00 1.082814070429278575e+00
1.330000000000000000e+02 4.000000000000000000e+00 7.980000000000000000e+02 7.100000000000000000e+01 3.550000000000000000e+02 9.636057856852301029e+01 3.902370673503959324e+02 1.357191247443986004e+00 1.099259344649002657e+00
1.330000000000000000e+02 4.000000000000000000e+00 7.980000000000000000e+02 4.200000000000000000e+01 4.200000000000000000e+02 6.335044100494855002e+01 4.542139893047033752e+02 1.508343833451155858e+00 1.081461879296912842e+00
1.330000000000000000e+02 4.000000000000000000e+00 7.980000000000000000e+02 8.400000000000000000e+01 4.200000000000000000e+02 1.128739482844933661e+02 4.581307949932692054e+02 1.343737479577302052e+00 1.090787607126831427e+00
1.330000000000000000e+02 4.000000000000000000e+00 7.980000000000000000e+02 6.900000000000000000e+01 6.900000000000000000e+02 1.071280812758202643e+02 7.383679789152065496e+02 1.552580888055366204e+00 1.070098520166965939e+00
1.330000000000000000e+02 4.000000000000000000e+00 7.980000000000000000e+02 1.000000000000000000e+02 6.900000000000000000e+02 1.412487422132802237e+02 7.444441006982066256e+02 1.412487422132802317e+00 1.078904493765516781e+00
1.015999999999999943e+02 2.500000000000000000e+00 6.096000000000000227e+02 2.350000000000000000e+01 2.350000000000000000e+02 3.598230632811917218e+01 2.576275900916332944e+02 1.531161971409326528e+00 1.096287617411205506e+00
1.015999999999999943e+02 2.500000000000000000e+00 6.096000000000000227e+02 4.700000000000000000e+01 2.350000000000000000e+02 6.214643894623994669e+01 2.626658791268448567e+02 1.322264658430637230e+00 1.117727145220616336e+00
1.015999999999999943e+02 2.500000000000000000e+00 6.096000000000000227e+02 3.550000000000000000e+01 3.550000000000000000e+02 4.866952865043093368e+01 3.845557692529015981e+02 1.370972638040308000e+00 1.083255688036342423e+00
1.015999999999999943e+02 2.500000000000000000e+00 6.096000000000000227e+02 7.100000000000000000e+01 3.550000000000000000e+02 9.138329315862225144e+01 3.917782149244538914e+02 1.287088636036933131e+00 1.103600605420996805e+00
1.015999999999999943e+02 2.500000000000000000e+00 6.096000000000000227e+02 4.200000000000000000e+01 4.200000000000000000e+02 5.855874067493898139e+01 4.534199554095815756e+02 1.394255730355689948e+00 1.079571322403765743e+00
1.015999999999999943e+02 2.500000000000000000e+00 6.096000000000000227e+02 8.400000000000000000e+01 4.200000000000000000e+02 1.061724843417694473e+02 4.625701461863894792e+02 1.263958146925826753e+00 1.101357490919975035e+00
1.015999999999999943e+02 2.500000000000000000e+00 6.096000000000000227e+02 6.900000000000000000e+01 6.900000000000000000e+02 9.858875575167989780e+01 7.392188794208689160e+02 1.428822547125795595e+00 1.071331709305607172e+00
1.015999999999999943e+02 2.500000000000000000e+00 6.096000000000000227e+02 1.000000000000000000e+02 6.900000000000000000e+02 1.363564350945122499e+02 7.435862254766766455e+02 1.363564350945122516e+00 1.077661196343009609e+00
2.730000000000000000e+02 6.000000000000000000e+00 1.638000000000000000e+03 2.350000000000000000e+01 2.350000000000000000e+02 3.254457609549611874e+01 2.607918091126657600e+02 1.384875578531749696e+00 1.109752379202832984e+00
2.730000000000000000e+02 6.000000000000000000e+00 1.638000000000000000e+03 4.700000000000000000e+01 2.350000000000000000e+02 6.085682698371809352e+01 2.624597004104995221e+02 1.294826106036555124e+00 1.116849788980849079e+00
2.730000000000000000e+02 6.000000000000000000e+00 1.638000000000000000e+03 3.550000000000000000e+01 3.550000000000000000e+02 5.226409404429108463e+01 3.861930728478704395e+02 1.472228001247636087e+00 1.087867810839071581e+00
2.730000000000000000e+02 6.000000000000000000e+00 1.638000000000000000e+03 7.100000000000000000e+01 3.550000000000000000e+02 8.783528931271641227e+01 3.900511403867898821e+02 1.237116750883329841e+00 1.098735606723351799e+00
2.730000000000000000e+02 6.000000000000000000e+00 1.638000000000000000e+03 4.200000000000000000e+01 4.200000000000000000e+02 5.699304825854284218e+01 4.538774571346843913e+02 1.356977339489115364e+00 1.080660612225438966e+00
2.730000000000000000e+02 6.000000000000000000e+00 1.638000000000000000e+03 8.400000000000000000e+01 4.200000000000000000e+02 1.053322948424175109e+02 4.623284090739192038e+02 1.253955890981160781e+00 1.100781926366474206e+00
2.730000000000000000e+02 6.000000000000000000e+00 1.638000000000000000e+03 6.900000000000000000e+01 6.900000000000000000e+02 9.643210332213037361e+01 7.424550557970414957e+02 1.397566714813483602e+00 1.076021819995712336e+00
2.730000000000000000e+02 6.000000000000000000e+00 1.638000000000000000e+03 1.000000000000000000e+02 6.900000000000000000e+02 1.308496604448609730e+02 7.454628837227570557e+02 1.308496604448609713e+00 1.080380990902546356e+00
2.445000000000000000e+02 5.000000000000000000e+00 1.467000000000000000e+03 2.350000000000000000e+01 2.350000000000000000e+02 3.431146235426907509e+01 2.592379667696130241e+02 1.460062227841237181e+00 1.103140284126012949e+00
2.445000000000000000e+02 5.000000000000000000e+00 1.467000000000000000e+03 4.700000000000000000e+01 2.350000000000000000e+02 5.486094345306651832e+01 2.640943893997314262e+02 1.167254116022691912e+00 1.123805912339282731e+00
2.445000000000000000e+02 5.000000000000000000e+00 1.467000000000000000e+03 3.550000000000000000e+01 3.550000000000000000e+02 4.869264746639766628e+01 3.857941226756872766e+02 1.371623872292891955e+00 1.086744007537147283e+00
2.445000000000000000e+02 5.000000000000000000e+00 1.467000000000000000e+03 7.100000000000000000e+01 3.550000000000000000e+02 8.615197444590131681e+01 3.914560382994970951e+02 1.213408090787342575e+00 1.102693065632386116e+00
2.445000000000000000e+02 5.000000000000000000e+00 1.467000000000000000e+03 4.200000000000000000e+01 4.200000000000000000e+02 5.753087497009465778e+01 4.550509161826095692e+02 1.369782737383206106e+00 1.083454562339546623e+00
2.445000000000000000e+02 5.000000000000000000e+00 1.467000000000000000e+03 8.400000000000000000e+01 4.200000000000000000e+02 1.076176116658683384e+02 4.609778048111369344e+02 1.281162043641289827e+00 1.097566201931278407e+00
2.445000000000000000e+02 5.000000000000000000e+00 1.467000000000000000e+03 6.900000000000000000e+01 6.900000000000000000e+02 9.535243441359270378e+01 7.442820510482216605e+02 1.381919339327430496e+00 1.078669639200321217e+00
2.445000000000000000e+02 5.000000000000000000e+00 1.467000000000000000e+03 1.000000000000000000e+02 6.900000000000000000e+02 1.280078133647278094e+02 7.470497930773075268e+02 1.280078133647278182e+00 1.082680859532329842e+00
2.190999999999999943e+02 4.000000000000000000e+00 1.314599999999999909e+03 2.350000000000000000e+01 2.350000000000000000e+02 3.379560687620261206e+01 2.605824115978917348e+02 1.438110930902238849e+00 1.108861325948475418e+00
2.190999999999999943e+02 4.000000000000000000e+00 1.314599999999999909e+03 4.700000000000000000e+01 2.350000000000000000e+02 5.589535240890342749e+01 2.654456479903705599e+02 1.189262817210711143e+00 1.129555948895193840e+00
2.190999999999999943e+02 4.000000000000000000e+00 1.314599999999999909e+03 3.550000000000000000e+01 3.550000000000000000e+02 5.163023226014579592e+01 3.876490692761302057e+02 1.454372739722416874e+00 1.091969209228535798e+00
2.190999999999999943e+02 4.000000000000000000e+00 1.314599999999999909e+03 7.100000000000000000e+01 3.550000000000000000e+02 9.036692651090866946e+01 3.893387978546130057e+02 1.272773612829699585e+00 1.096729008041163356e+00
2.190999999999999943e+02 4.000000000000000000e+00 1.314599999999999909e+03 4.200000000000000000e+01 4.200000000000000000e+02 5.907357740354783715e+01 4.550565303169037747e+02 1.406513747703519890e+00 1.083467929325961476e+00
2.190999999999999943e+02 4.000000000000000000e+00 1.314599999999999909e+03 8.400000000000000000e+01 4.200000000000000000e+02 1.016279361697901891e+02 4.648304988838647205e+02 1.209856382973692801e+00 1.106739283056820788e+00
2.190999999999999943e+02 4.000000000000000000e+00 1.314599999999999909e+03 6.900000000000000000e+01 6.900000000000000000e+02 9.671031570249810727e+01 7.394018937940388696e+02 1.401598778297074022e+00 1.071596947527592603e+00
2.190999999999999943e+02 4.000000000000000000e+00 1.314599999999999909e+03 1.000000000000000000e+02 6.900000000000000000e+02 1.265039792423809786e+02 7.518105024918596655e+02 1.265039792423809706e+00 1.089580438393999540e+00
2.445000000000000000e+02 4.000000000000000000e+00 1.467000000000000000e+03 2.350000000000000000e+01 2.350000000000000000e+02 3.388237440502913955e+01 2.598557143243849623e+02 1.441803166171452766e+00 1.105768997125042397e+00
2.445000000000000000e+02 4.000000000000000000e+00 1.467000000000000000e+03 4.700000000000000000e+01 2.350000000000000000e+02 5.965162064173551926e+01 2.635285201082884896e+02 1.269183417909266476e+00 1.121397957907610543e+00
2.445000000000000000e+02 4.000000000000000000e+00 1.467000000000000000e+03 3.550000000000000000e+01 3.550000000000000000e+02 4.813836024012225323e+01 3.875455261285912343e+02 1.356010147609077565e+00 1.091677538390397828e+00
2.445000000000000000e+02 4.000000000000000000e+00 1.467000000000000000e+03 7.100000000000000000e+01 3.550000000000000000e+02 8.092949300624361797e+01 3.959924161668814122e+02 1.139852014172445305e+00 1.115471594836285663e+00
2.445000000000000000e+02 4.000000000000000000e+00 1.467000000000000000e+03 4.200000000000000000e+01 4.200000000000000000e+02 6.265300860911209213e+01 4.528181748333274186e+02 1.491738300216954638e+00 1.078138511507922503e+00
2.445000000000000000e+02 4.000000000000000000e+00 1.467000000000000000e+03 8.400000000000000000e+01 4.200000000000000000e+02 9.656624021285064430e+01 4.664885368083710091e+02 1.149598097772031480e+00 1.110686992400883311e+00
2.445000000000000000e+02 4.000000000000000000e+00 1.467000000000000000e+03 6.900000000000000000e+01 6.900000000000000000e+02 9.414730979352177087e+01 7.456670950673415064e+02 1.364453765123504025e+00 1.080676949372958662e+00
2.445000000000000000e+02 4.000000000000000000e+00 1.467000000000000000e+03 1.000000000000000000e+02 6.900000000000000000e+02 1.273013253634564421e+02 7.503739551374141001e+02 1.273013253634564412e+00 1.087498485706397178e+00
2.730000000000000000e+02 4.000000000000000000e+00 1.638000000000000000e+03 2.350000000000000000e+01 2.350000000000000000e+02 3.249203344767876445e+01 2.594751509344197302e+02 1.382639721177819858e+00 1.104149578444339364e+00
2.730000000000000000e+02 4.000000000000000000e+00 1.638000000000000000e+03 4.700000000000000000e+01 2.350000000000000000e+02 5.560116057872672712e+01 2.676661177808657612e+02 1.183003416568653821e+00 1.139004756514322425e+00
2.730000000000000000e+02 4.000000000000000000e+00 1.638000000000000000e+03 3.550000000000000000e+01 3.550000000000000000e+02 4.613678319035049924e+01 3.893001447460300710e+02 1.299627695502830971e+00 1.096620126045155130e+00
2.730000000000000000e+02 4.000000000000000000e+00 1.638000000000000000e+03 7.100000000000000000e+01 3.550000000000000000e+02 7.992064761518584248e+01 3.911037150459314944e+02 1.125642924157547187e+00 1.101700605763187291e+00
2.730000000000000000e+02 4.000000000000000000e+00 1.638000000000000000e+03 4.200000000000000000e+01 4.200000000000000000e+02 5.543273122864417957e+01 4.567495487114838966e+02 1.319826934015337683e+00 1.087498925503532998e+00
2.730000000000000000e+02 4.000000000000000000e+00 1.638000000000000000e+03 8.400000000000000000e+01 4.200000000000000000e+02 9.406600666104482400e+01 4.627918918810156583e+02 1.119833412631485947e+00 1.101885456859561074e+00
2.730000000000000000e+02 4.000000000000000000e+00 1.638000000000000000e+03 6.900000000000000000e+01 6.900000000000000000e+02 9.401660891958319155e+01 7.499389205266937779e+02 1.362559549559176686e+00 1.086868000763324238e+00
2.730000000000000000e+02 4.000000000000000000e+00 1.638000000000000000e+03 1.000000000000000000e+02 6.900000000000000000e+02 1.233920110058534192e+02 7.571455582578190615e+02 1.233920110058534192e+00 1.097312403272201475e+00
2.190999999999999943e+02 3.000000000000000000e+00 1.314599999999999909e+03 2.350000000000000000e+01 2.350000000000000000e+02 3.089902207827908498e+01 2.593643164694374832e+02 1.314852003331024921e+00 1.103677942423138214e+00
2.190999999999999943e+02 3.000000000000000000e+00 1.314599999999999909e+03 4.700000000000000000e+01 2.350000000000000000e+02 5.529339722625300624e+01 2.675724801298078432e+02 1.176455260133042691e+00 1.138606298424714280e+00
2.190999999999999943e+02 3.000000000000000000e+00 1.314599999999999909e+03 3.550000000000000000e+01 3.550000000000000000e+02 4.578236883750133757e+01 3.896721946677853339e+02 1.289644192605671424e+00 1.097668153993761608e+00
2.190999999999999943e+02 3.000000000000000000e+00 1.314599999999999909e+03 7.100000000000000000e+01 3.550000000000000000e+02 7.916545468974565836e+01 3.878802933792695171e+02 1.115006404080924662e+00 1.092620544730336762e+00
2.190999999999999943e+02 3.000000000000000000e+00 1.314599999999999909e+03 4.200000000000000000e+01 4.200000000000000000e+02 5.251824205972080506e+01 4.537323806340584724e+02 1.250434334755257337e+00 1.080315191985853573e+00
2.190999999999999943e+02 3.000000000000000000e+00 1.314599999999999909e+03 8.400000000000000000e+01 4.200000000000000000e+02 9.487829722866717930e+01 4.596268943256408761e+02 1.129503538436513965e+00 1.094349748394383148e+00
2.190999999999999943e+02 3.000000000000000000e+00 1.314599999999999909e+03 6.900000000000000000e+01 6.900000000000000000e+02 8.947089116313301815e+01 7.510126673588830499e+02 1.296679582074391490e+00 1.088424155592584208e+00
2.190999999999999943e+02 3.000000000000000000e+00 1.314599999999999909e+03 1.000000000000000000e+02 6.900000000000000000e+02 1.226518062440993191e+02 7.558866302921043143e+02 1.226518062440993262e+00 1.095487869988557073e+00
