4.330497395199783384e+00 1.778000000000000114e+02 1.250000000000000000e+01 1.066799999999999955e+03 2.350000000000000000e+01 2.350000000000000000e+02 4.467530970133191204e+01 2.516966753658141727e+02 1.901077008567315429e+00 1.071049682407719805e+00
8.660994790399566767e+00 1.778000000000000114e+02 1.250000000000000000e+01 1.066799999999999955e+03 4.700000000000000000e+01 2.350000000000000000e+02 7.324138414764927063e+01 2.538343740627739749e+02 1.558327322290409933e+00 1.080146272607548807e+00
5.322528886179431318e+00 1.778000000000000114e+02 1.250000000000000000e+01 1.066799999999999955e+03 3.550000000000000000e+01 3.550000000000000000e+02 6.573320189381496448e+01 3.768491413636594984e+02 1.851639489966618646e+00 1.061546877080731033e+00
1.064505777235886264e+01 1.778000000000000114e+02 1.250000000000000000e+01 1.066799999999999955e+03 7.100000000000000000e+01 3.550000000000000000e+02 1.116749914267452652e+02 3.785704078400877393e+02 1.572887203193595207e+00 1.066395515042500630e+00
5.789332534095639637e+00 1.778000000000000114e+02 1.250000000000000000e+01 1.066799999999999955e+03 4.200000000000000000e+01 4.200000000000000000e+02 7.793027721522190632e+01 4.539756172380111252e+02 1.855482790838616891e+00 1.080894326757169344e+00
1.157866506819127927e+01 1.778000000000000114e+02 1.250000000000000000e+01 1.066799999999999955e+03 8.400000000000000000e+01 4.200000000000000000e+02 1.337706120457006875e+02 4.565044682754493692e+02 1.592507286258341592e+00 1.086915400655831920e+00
7.420418439191857729e+00 1.778000000000000114e+02 1.250000000000000000e+01 1.066799999999999955e+03 6.900000000000000000e+01 6.900000000000000000e+02 1.222810091314562584e+02 7.336164860263164655e+02 1.772188538137047242e+00 1.063212298588864346e+00
1.075422962201718491e+01 1.778000000000000114e+02 1.250000000000000000e+01 1.066799999999999955e+03 1.000000000000000000e+02 6.900000000000000000e+02 1.575991328732944226e+02 7.362000366076227920e+02 1.575991328732944119e+00 1.066956574793656243e+00
6.657600888251725912e+00 1.015999999999999943e+02 5.000000000000000000e+00 6.096000000000000227e+02 2.350000000000000000e+01 2.350000000000000000e+02 4.360379135205788970e+01 2.527639588906904748e+02 1.855480483066293207e+00 1.075591314428470113e+00
1.331520177650345182e+01 1.015999999999999943e+02 5.000000000000000000e+00 6.096000000000000227e+02 4.700000000000000000e+01 2.350000000000000000e+02 7.445241751373917793e+01 2.543369361262183475e+02 1.584093989654025147e+00 1.082284834579652522e+00
8.182725864158816975e+00 1.015999999999999943e+02 5.000000000000000000e+00 6.096000000000000227e+02 3.550000000000000000e+01 3.550000000000000000e+02 6.259301251667331201e+01 3.766057853847543697e+02 1.763183451173896188e+00 1.060861367280998335e+00
1.636545172831763395e+01 1.015999999999999943e+02 5.000000000000000000e+00 6.096000000000000227e+02 7.100000000000000000e+01 3.550000000000000000e+02 1.058299796783815907e+02 3.818398320468559746e+02 1.490563094061712501e+00 1.075605160695368934e+00
8.900378387042442441e+00 1.015999999999999943e+02 5.000000000000000000e+00 6.096000000000000227e+02 4.200000000000000000e+01 4.200000000000000000e+02 7.279544883717429116e+01 4.557273913993413430e+02 1.733224972313673673e+00 1.085065217617479316e+00
1.780075677408488488e+01 1.015999999999999943e+02 5.000000000000000000e+00 6.096000000000000227e+02 8.400000000000000000e+01 4.200000000000000000e+02 1.236561355224323364e+02 4.606546718096049062e+02 1.472096851457527888e+00 1.096796837641916378e+00
1.140797000518321980e+01 1.015999999999999943e+02 5.000000000000000000e+00 6.096000000000000227e+02 6.900000000000000000e+01 6.900000000000000000e+02 1.113485739772979457e+02 7.368002538217668871e+02 1.613747448946347030e+00 1.067826454814154946e+00
1.653328986258437894e+01 1.015999999999999943e+02 5.000000000000000000e+00 6.096000000000000227e+02 1.000000000000000000e+02 6.900000000000000000e+02 1.543220449225373727e+02 7.401160445774651180e+02 1.543220449225373825e+00 1.072631948662992940e+00
9.327370620340570184e+00 2.730000000000000000e+02 1.000000000000000000e+01 1.638000000000000000e+03 2.350000000000000000e+01 2.350000000000000000e+02 4.090097220214694573e+01 2.545384402708949381e+02 1.740466902219018897e+00 1.083142299025084743e+00
1.865474124068114037e+01 2.730000000000000000e+02 1.000000000000000000e+01 1.638000000000000000e+03 4.700000000000000000e+01 2.350000000000000000e+02 6.907484326212234294e+01 2.578794614610918643e+02 1.469677516215369018e+00 1.097359410472731334e+00
1.146408715402857403e+01 2.730000000000000000e+02 1.000000000000000000e+01 1.638000000000000000e+03 3.550000000000000000e+01 3.550000000000000000e+02 5.905808559141824787e+01 3.788471730402677622e+02 1.663608044828682964e+00 1.067175135324697877e+00
2.292817430805714807e+01 2.730000000000000000e+02 1.000000000000000000e+01 1.638000000000000000e+03 7.100000000000000000e+01 3.550000000000000000e+02 1.013156837307050750e+02 3.846969354286634939e+02 1.426981460995846218e+00 1.083653339235671753e+00
1.246952607563323312e+01 2.730000000000000000e+02 1.000000000000000000e+01 1.638000000000000000e+03 4.200000000000000000e+01 4.200000000000000000e+02 6.890882386248185298e+01 4.575818891992151976e+02 1.640686282440044108e+00 1.089480688569560041e+00
2.493905215126646624e+01 2.730000000000000000e+02 1.000000000000000000e+01 1.638000000000000000e+03 8.400000000000000000e+01 4.200000000000000000e+02 1.208309975290535903e+02 4.626706225252250420e+02 1.438464256298257027e+00 1.101596720298154919e+00
1.598268896710847464e+01 2.730000000000000000e+02 1.000000000000000000e+01 1.638000000000000000e+03 6.900000000000000000e+01 6.900000000000000000e+02 1.084928923792963218e+02 7.425135167809613677e+02 1.572360759120236651e+00 1.076106546059364399e+00
2.316331734363546957e+01 2.730000000000000000e+02 1.000000000000000000e+01 1.638000000000000000e+03 1.000000000000000000e+02 6.900000000000000000e+02 1.498328883221278431e+02 7.436696077264659834e+02 1.498328883221278440e+00 1.077782040183284051e+00
1.160497646920110881e+01 1.330000000000000000e+02 4.000000000000000000e+00 7.980000000000000000e+02 2.350000000000000000e+01 2.350000000000000000e+02 4.021587818343239462e+01 2.558079061258321474e+02 1.711313965252442282e+00 1.088544281386519819e+00
2.320995293840221763e+01 1.330000000000000000e+02 4.000000000000000000e+00 7.980000000000000000e+02 4.700000000000000000e+01 2.350000000000000000e+02 6.099984124452613798e+01 2.596670861564328447e+02 1.297868962649492364e+00 1.104966324069927008e+00
1.426344755436710798e+01 1.330000000000000000e+02 4.000000000000000000e+00 7.980000000000000000e+02 3.550000000000000000e+01 3.550000000000000000e+02 5.798488395872381318e+01 3.820017150582172576e+02 1.633377012921797489e+00 1.076061169178076815e+00
2.852689510873421597e+01 1.330000000000000000e+02 4.000000000000000000e+00 7.980000000000000000e+02 7.100000000000000000e+01 3.550000000000000000e+02 9.636626618646332076e+01 3.841103850678373419e+02 1.357271354738919911e+00 1.082001084698133386e+00
1.551439977888747812e+01 1.330000000000000000e+02 4.000000000000000000e+00 7.980000000000000000e+02 4.200000000000000000e+01 4.200000000000000000e+02 6.576738056847993619e+01 4.594709393433963101e+02 1.565890013535236491e+00 1.093978427008086562e+00
3.102879955777495624e+01 1.330000000000000000e+02 4.000000000000000000e+00 7.980000000000000000e+02 8.400000000000000000e+01 4.200000000000000000e+02 1.128807123970191526e+02 4.647682134143137205e+02 1.343818004726418547e+00 1.106590984319794524e+00
1.988542504930308041e+01 1.330000000000000000e+02 4.000000000000000000e+00 7.980000000000000000e+02 6.900000000000000000e+01 6.900000000000000000e+02 1.071890072772742144e+02 7.431228619209409771e+02 1.553463873583684318e+00 1.076989654957885456e+00
2.881945659319287145e+01 1.330000000000000000e+02 4.000000000000000000e+00 7.980000000000000000e+02 1.000000000000000000e+02 6.900000000000000000e+02 1.449811785765753029e+02 7.480121971637511251e+02 1.449811785765753092e+00 1.084075648063407504e+00
1.443492492477201772e+01 1.015999999999999943e+02 2.500000000000000000e+00 6.096000000000000227e+02 2.350000000000000000e+01 2.350000000000000000e+02 3.866632581791621703e+01 2.568208631489616209e+02 1.645375566719839089e+00 1.092854736804091953e+00
2.886984984954403544e+01 1.015999999999999943e+02 2.500000000000000000e+00 6.096000000000000227e+02 4.700000000000000000e+01 2.350000000000000000e+02 6.223021573778948579e+01 2.615200082207875880e+02 1.324047143357223177e+00 1.112851098811862061e+00
1.774168135214546638e+01 1.015999999999999943e+02 2.500000000000000000e+00 6.096000000000000227e+02 3.550000000000000000e+01 3.550000000000000000e+02 5.529147743366348777e+01 3.820539702948332206e+02 1.557506406582070069e+00 1.076208367027699175e+00
3.548336270429093275e+01 1.015999999999999943e+02 2.500000000000000000e+00 6.096000000000000227e+02 7.100000000000000000e+01 3.550000000000000000e+02 9.307384042044492389e+01 3.859185539639775584e+02 1.310899160851336953e+00 1.087094518208387539e+00
1.929768635511564057e+01 1.015999999999999943e+02 2.500000000000000000e+00 6.096000000000000227e+02 4.200000000000000000e+01 4.200000000000000000e+02 6.522340852010196954e+01 4.626722367458147573e+02 1.552938298097666037e+00 1.101600563680511291e+00
3.859537271023128113e+01 1.015999999999999943e+02 2.500000000000000000e+00 6.096000000000000227e+02 8.400000000000000000e+01 4.200000000000000000e+02 1.088921512958922335e+02 4.678385790962356623e+02 1.296335134474907447e+00 1.113901378800561170e+00
2.473461436528282320e+01 1.015999999999999943e+02 2.500000000000000000e+00 6.096000000000000227e+02 6.900000000000000000e+01 6.900000000000000000e+02 1.044302268473896760e+02 7.451555110243702984e+02 1.513481548512893848e+00 1.079935523223725102e+00
3.584726719606206302e+01 1.015999999999999943e+02 2.500000000000000000e+00 6.096000000000000227e+02 1.000000000000000000e+02 6.900000000000000000e+02 1.363500592061480461e+02 7.494160266037883957e+02 1.363500592061480443e+00 1.086110183483751213e+00
1.629642877052321737e+01 2.730000000000000000e+02 6.000000000000000000e+00 1.638000000000000000e+03 2.350000000000000000e+01 2.350000000000000000e+02 3.549194695873512018e+01 2.585004671246424550e+02 1.510295615265324187e+00 1.100001987764436029e+00
3.259285754104643473e+01 2.730000000000000000e+02 6.000000000000000000e+00 1.638000000000000000e+03 4.700000000000000000e+01 2.350000000000000000e+02 6.085592258246457220e+01 2.616085824975322112e+02 1.294806863456692936e+00 1.113228010627796749e+00
2.002961899222520969e+01 2.730000000000000000e+02 6.000000000000000000e+00 1.638000000000000000e+03 3.550000000000000000e+01 3.550000000000000000e+02 5.327103791948358946e+01 3.841656276381403927e+02 1.500592617450241972e+00 1.082156697572226545e+00
4.005923798445041939e+01 2.730000000000000000e+02 6.000000000000000000e+00 1.638000000000000000e+03 7.100000000000000000e+01 3.550000000000000000e+02 8.782817994845575527e+01 3.882012070029662709e+02 1.237016618992334616e+00 1.093524526768919092e+00
2.178628380549105970e+01 2.730000000000000000e+02 6.000000000000000000e+00 1.638000000000000000e+03 4.200000000000000000e+01 4.200000000000000000e+02 6.269229107342049190e+01 4.631243958466315007e+02 1.492673596986202167e+00 1.102677132968170159e+00
4.357256761098211939e+01 2.730000000000000000e+02 6.000000000000000000e+00 1.638000000000000000e+03 8.400000000000000000e+01 4.200000000000000000e+02 1.053290273653383053e+02 4.687869317791346475e+02 1.253916992444503720e+00 1.116159361378892045e+00
2.792434898490184736e+01 2.730000000000000000e+02 6.000000000000000000e+00 1.638000000000000000e+03 6.900000000000000000e+01 6.900000000000000000e+02 1.018333514374229622e+02 7.464283705945571228e+02 1.475845673006129788e+00 1.081780247238488535e+00
4.047007099261136887e+01 2.730000000000000000e+02 6.000000000000000000e+00 1.638000000000000000e+03 1.000000000000000000e+02 6.900000000000000000e+02 1.314279776558659307e+02 7.517683723792998762e+02 1.314279776558659352e+00 1.089519380259854842e+00
1.759884279231388859e+01 2.445000000000000000e+02 5.000000000000000000e+00 1.467000000000000000e+03 2.350000000000000000e+01 2.350000000000000000e+02 3.598501631735013007e+01 2.590276376048233828e+02 1.531277290100005573e+00 1.102245266403503843e+00
3.519768558462777719e+01 2.445000000000000000e+02 5.000000000000000000e+00 1.467000000000000000e+03 4.700000000000000000e+01 2.350000000000000000e+02 5.486453950724831685e+01 2.633553261501460838e+02 1.167330627813794042e+00 1.120660962341047062e+00
2.163039036329912435e+01 2.445000000000000000e+02 5.000000000000000000e+00 1.467000000000000000e+03 3.550000000000000000e+01 3.550000000000000000e+02 5.222741674252403499e+01 3.856404748539451930e+02 1.471194837817578538e+00 1.086311196771676535e+00
4.326078072659824869e+01 2.445000000000000000e+02 5.000000000000000000e+00 1.467000000000000000e+03 7.100000000000000000e+01 3.550000000000000000e+02 8.633742307504567748e+01 3.924704196303991921e+02 1.216020043310502396e+00 1.105550477832110357e+00
2.352744819865592873e+01 2.445000000000000000e+02 5.000000000000000000e+00 1.467000000000000000e+03 4.200000000000000000e+01 4.200000000000000000e+02 6.135892020140680359e+01 4.642913712969356084e+02 1.460926671462066784e+00 1.105455645945084830e+00
4.705489639731185747e+01 2.445000000000000000e+02 5.000000000000000000e+00 1.467000000000000000e+03 8.400000000000000000e+01 4.200000000000000000e+02 1.076133658805198223e+02 4.737139976630867295e+02 1.281111498577616858e+00 1.127890470626397024e+00
3.015606884079421235e+01 2.445000000000000000e+02 5.000000000000000000e+00 1.467000000000000000e+03 6.900000000000000000e+01 6.900000000000000000e+02 9.724501577479909997e+01 7.500783862977705212e+02 1.409348054707233233e+00 1.087070125069232729e+00
4.370444759535393331e+01 2.445000000000000000e+02 5.000000000000000000e+00 1.467000000000000000e+03 1.000000000000000000e+02 6.900000000000000000e+02 1.211670360477075121e+02 7.552920999980309489e+02 1.211670360477075103e+00 1.094626231881204337e+00
1.984951979738589145e+01 2.190999999999999943e+02 4.000000000000000000e+00 1.314599999999999909e+03 2.350000000000000000e+01 2.350000000000000000e+02 3.379433137151890776e+01 2.590297593896182775e+02 1.438056654107187526e+00 1.102254295274971430e+00
3.969903959477178290e+01 2.190999999999999943e+02 4.000000000000000000e+00 1.314599999999999909e+03 4.700000000000000000e+01 2.350000000000000000e+02 5.589516878848496617e+01 2.650875393616541942e+02 1.189258910393297120e+00 1.128032082390017843e+00
2.439665305317724986e+01 2.190999999999999943e+02 4.000000000000000000e+00 1.314599999999999909e+03 3.550000000000000000e+01 3.550000000000000000e+02 5.162836135524160142e+01 3.856794304218772140e+02 1.454320038175819674e+00 1.086420930765851223e+00
4.879330610635449972e+01 2.190999999999999943e+02 4.000000000000000000e+00 1.314599999999999909e+03 7.100000000000000000e+01 3.550000000000000000e+02 9.036314853700348237e+01 3.897715691873829087e+02 1.272720401929626544e+00 1.097948082217980126e+00
2.653632141115285137e+01 2.190999999999999943e+02 4.000000000000000000e+00 1.314599999999999909e+03 4.200000000000000000e+01 4.200000000000000000e+02 5.907582392636297897e+01 4.656955857503248239e+02 1.406567236341975669e+00 1.108799013691249558e+00
5.307264282230570274e+01 2.190999999999999943e+02 4.000000000000000000e+00 1.314599999999999909e+03 8.400000000000000000e+01 4.200000000000000000e+02 1.016206834484034971e+02 4.720476831295420652e+02 1.209770041052422584e+00 1.123923055070338295e+00
3.401266165796434393e+01 2.190999999999999943e+02 4.000000000000000000e+00 1.314599999999999909e+03 6.900000000000000000e+01 6.900000000000000000e+02 1.050398636267486410e+02 7.453732478972119679e+02 1.522316864155777383e+00 1.080251083909002929e+00
4.929371254777441180e+01 2.190999999999999943e+02 4.000000000000000000e+00 1.314599999999999909e+03 1.000000000000000000e+02 6.900000000000000000e+02 1.300220944687475537e+02 7.581011741064735361e+02 1.300220944687475511e+00 1.098697353777497776e+00
2.228235853183522153e+01 2.445000000000000000e+02 4.000000000000000000e+00 1.467000000000000000e+03 2.350000000000000000e+01 2.350000000000000000e+02 3.388435208012209188e+01 2.598926178678873953e+02 1.441887322558386808e+00 1.105926033480371995e+00
4.456471706367044305e+01 2.445000000000000000e+02 4.000000000000000000e+00 1.467000000000000000e+03 4.700000000000000000e+01 2.350000000000000000e+02 5.964823490239287906e+01 2.646814442684607798e+02 1.269111380901976061e+00 1.126304018163662990e+00
2.738680712967574493e+01 2.445000000000000000e+02 4.000000000000000000e+00 1.467000000000000000e+03 3.550000000000000000e+01 3.550000000000000000e+02 5.043628815989554681e+01 3.873472122938534881e+02 1.420740511546353391e+00 1.091118907870009869e+00
5.477361425935148986e+01 2.445000000000000000e+02 4.000000000000000000e+00 1.467000000000000000e+03 7.100000000000000000e+01 3.550000000000000000e+02 8.093221102551213164e+01 3.964235424365878089e+02 1.139890296133973635e+00 1.116686035032641744e+00
2.978872203634841398e+01 2.445000000000000000e+02 4.000000000000000000e+00 1.467000000000000000e+03 4.200000000000000000e+01 4.200000000000000000e+02 6.264958540492425954e+01 4.622356748338740431e+02 1.491656795355339460e+00 1.100561130556843015e+00
5.957744407269682796e+01 2.445000000000000000e+02 4.000000000000000000e+00 1.467000000000000000e+03 8.400000000000000000e+01 4.200000000000000000e+02 9.657455326611372470e+01 4.744878129908727828e+02 1.149697062691830141e+00 1.129732888073506691e+00
3.818139327403661554e+01 2.445000000000000000e+02 4.000000000000000000e+00 1.467000000000000000e+03 6.900000000000000000e+01 6.900000000000000000e+02 9.602456628795145832e+01 7.506822905590835262e+02 1.391660380984803824e+00 1.087945348636352838e+00
5.533535257106755978e+01 2.445000000000000000e+02 4.000000000000000000e+00 1.467000000000000000e+03 1.000000000000000000e+02 6.900000000000000000e+02 1.272946787649888307e+02 7.603531239967178408e+02 1.272946787649888334e+00 1.101961049270605564e+00
2.501228775230443446e+01 2.730000000000000000e+02 4.000000000000000000e+00 1.638000000000000000e+03 2.350000000000000000e+01 2.350000000000000000e+02 3.268044085486259576e+01 2.607686210149336716e+02 1.390657057653727380e+00 1.109653706446526167e+00
5.002457550460886893e+01 2.730000000000000000e+02 4.000000000000000000e+00 1.638000000000000000e+03 4.700000000000000000e+01 2.350000000000000000e+02 5.559662450439716253e+01 2.683465728548646894e+02 1.182906904348875798e+00 1.141900310020700804e+00
3.074210925946777451e+01 2.730000000000000000e+02 4.000000000000000000e+00 1.638000000000000000e+03 3.550000000000000000e+01 3.550000000000000000e+02 4.653654308750934376e+01 3.898993153799226548e+02 1.310888537676319521e+00 1.098307930647669517e+00
6.148421851893554901e+01 2.730000000000000000e+02 4.000000000000000000e+00 1.638000000000000000e+03 7.100000000000000000e+01 3.550000000000000000e+02 7.992028123513587445e+01 3.941503454099695318e+02 1.125637763875153130e+00 1.110282663126674674e+00
3.343829542469855909e+01 2.730000000000000000e+02 4.000000000000000000e+00 1.638000000000000000e+03 4.200000000000000000e+01 4.200000000000000000e+02 5.744118192795463784e+01 4.675276099011026076e+02 1.367647188760824806e+00 1.113160975955006293e+00
6.687659084939711818e+01 2.730000000000000000e+02 4.000000000000000000e+00 1.638000000000000000e+03 8.400000000000000000e+01 4.200000000000000000e+02 9.406508387553125772e+01 4.754971275256950776e+02 1.119822427089657735e+00 1.132136017918321524e+00
4.285919706343801039e+01 2.730000000000000000e+02 4.000000000000000000e+00 1.638000000000000000e+03 6.900000000000000000e+01 6.900000000000000000e+02 8.940164137374517850e+01 7.569497680891155369e+02 1.295675961938336007e+00 1.097028649404515166e+00
6.211477835280869897e+01 2.730000000000000000e+02 4.000000000000000000e+00 1.638000000000000000e+03 1.000000000000000000e+02 6.900000000000000000e+02 1.233888956998340092e+02 7.635861677627779045e+02 1.233888956998340003e+00 1.106646619946054955e+00
2.684508711516770418e+01 2.190999999999999943e+02 3.000000000000000000e+00 1.314599999999999909e+03 2.350000000000000000e+01 2.350000000000000000e+02 3.239045390219715870e+01 2.615121840718501289e+02 1.378317187327538607e+00 1.112817804561064383e+00
5.369017423033540837e+01 2.190999999999999943e+02 3.000000000000000000e+00 1.314599999999999909e+03 4.700000000000000000e+01 2.350000000000000000e+02 5.529612254807253890e+01 2.689754615864505354e+02 1.176513245703671107e+00 1.144576432282768286e+00
3.299476678611223690e+01 2.190999999999999943e+02 3.000000000000000000e+00 1.314599999999999909e+03 3.550000000000000000e+01 3.550000000000000000e+02 4.673511079692776349e+01 3.907441718369256023e+02 1.316481994279655288e+00 1.100687807991339806e+00
6.598953357222447380e+01 2.190999999999999943e+02 3.000000000000000000e+00 1.314599999999999909e+03 7.100000000000000000e+01 3.550000000000000000e+02 7.917119938962275683e+01 3.938642208513379046e+02 1.115087315346799501e+00 1.109476678454472953e+00
3.588851857727584616e+01 2.190999999999999943e+02 3.000000000000000000e+00 1.314599999999999909e+03 4.200000000000000000e+01 4.200000000000000000e+02 6.033205754816702182e+01 4.636302761949373803e+02 1.436477560670643472e+00 1.103881609987946044e+00
7.177703715455169231e+01 2.190999999999999943e+02 3.000000000000000000e+00 1.314599999999999909e+03 8.400000000000000000e+01 4.200000000000000000e+02 9.488298477405989217e+01 4.735422793974572642e+02 1.129559342548332124e+00 1.127481617612993592e+00
4.599974581485973602e+01 2.190999999999999943e+02 3.000000000000000000e+00 1.314599999999999909e+03 6.900000000000000000e+01 6.900000000000000000e+02 9.638060670136015062e+01 7.559426747573728562e+02 1.396820386976234118e+00 1.095569093851264997e+00
6.666629828240540689e+01 2.190999999999999943e+02 3.000000000000000000e+00 1.314599999999999909e+03 1.000000000000000000e+02 6.900000000000000000e+02 1.150301278474101707e+02 7.656264283085167790e+02 1.150301278474101796e+00 1.109603519287705398e+00
