4.330497395199783384e+00 1.778000000000000114e+02 1.250000000000000000e+01 1.066799999999999955e+03 2.350000000000000000e+01 2.350000000000000000e+02 4.645958669277039377e+01 2.328313027622576783e+02 1.977003689054059210e+00 9.907715011159901053e-01
8.660994790399566767e+00 1.778000000000000114e+02 1.250000000000000000e+01 1.066799999999999955e+03 4.700000000000000000e+01 2.350000000000000000e+02 7.512065714613885348e+01 2.298829095246431962e+02 1.598311854173167124e+00 9.782251469133752542e-01
5.322528886179431318e+00 1.778000000000000114e+02 1.250000000000000000e+01 1.066799999999999955e+03 3.550000000000000000e+01 3.550000000000000000e+02 6.328984468143122655e+01 3.557690026106811843e+02 1.782812526237499418e+00 1.002166204537130012e+00
1.064505777235886264e+01 1.778000000000000114e+02 1.250000000000000000e+01 1.066799999999999955e+03 7.100000000000000000e+01 3.550000000000000000e+02 1.031774055708479523e+02 3.572250111806217774e+02 1.453202895364055669e+00 1.006267637128511971e+00
5.789332534095639637e+00 1.778000000000000114e+02 1.250000000000000000e+01 1.066799999999999955e+03 4.200000000000000000e+01 4.200000000000000000e+02 7.064993618828640365e+01 4.117117249185016021e+02 1.682141337816343007e+00 9.802660117107181437e-01
1.157866506819127927e+01 1.778000000000000114e+02 1.250000000000000000e+01 1.066799999999999955e+03 8.400000000000000000e+01 4.200000000000000000e+02 1.175901027403048431e+02 4.124091545751346075e+02 1.399882175479819635e+00 9.819265585122252116e-01
7.420418439191857729e+00 1.778000000000000114e+02 1.250000000000000000e+01 1.066799999999999955e+03 6.900000000000000000e+01 6.900000000000000000e+02 9.988574317183564233e+01 6.573448305098550009e+02 1.447619466258487586e+00 9.526736674055870102e-01
1.075422962201718491e+01 1.778000000000000114e+02 1.250000000000000000e+01 1.066799999999999955e+03 1.000000000000000000e+02 6.900000000000000000e+02 1.317676648261598871e+02 6.591669241228615874e+02 1.317676648261598915e+00 9.553143827867559557e-01
6.657600888251725912e+00 1.015999999999999943e+02 5.000000000000000000e+00 6.096000000000000227e+02 2.350000000000000000e+01 2.350000000000000000e+02 4.336841596767032314e+01 2.337380076233978343e+02 1.845464509262566999e+00 9.946298196740332997e-01
1.331520177650345182e+01 1.015999999999999943e+02 5.000000000000000000e+00 6.096000000000000227e+02 4.700000000000000000e+01 2.350000000000000000e+02 7.070912106546724374e+01 2.311914234182381733e+02 1.504449384371643550e+00 9.837932911414389858e-01
8.182725864158816975e+00 1.015999999999999943e+02 5.000000000000000000e+00 6.096000000000000227e+02 3.550000000000000000e+01 3.550000000000000000e+02 5.875806883732330732e+01 3.566844693208297485e+02 1.655156868656994629e+00 1.004744984002337249e+00
1.636545172831763395e+01 1.015999999999999943e+02 5.000000000000000000e+00 6.096000000000000227e+02 7.100000000000000000e+01 3.550000000000000000e+02 1.005847303220972151e+02 3.581705429662490587e+02 1.416686342564749568e+00 1.008931106947180467e+00
8.900378387042442441e+00 1.015999999999999943e+02 5.000000000000000000e+00 6.096000000000000227e+02 4.200000000000000000e+01 4.200000000000000000e+02 6.687724023612899771e+01 4.137223970416965244e+02 1.592315243717357109e+00 9.850533262897536169e-01
1.780075677408488488e+01 1.015999999999999943e+02 5.000000000000000000e+00 6.096000000000000227e+02 8.400000000000000000e+01 4.200000000000000000e+02 1.150747155500437060e+02 4.131158445566388195e+02 1.369937089881472669e+00 9.836091537062828793e-01
1.140797000518321980e+01 1.015999999999999943e+02 5.000000000000000000e+00 6.096000000000000227e+02 6.900000000000000000e+01 6.900000000000000000e+02 9.758393988961674381e+01 6.604330130207926004e+02 1.414259998400242635e+00 9.571492942330327436e-01
1.653328986258437894e+01 1.015999999999999943e+02 5.000000000000000000e+00 6.096000000000000227e+02 1.000000000000000000e+02 6.900000000000000000e+02 1.307356765754598769e+02 6.635086298201688351e+02 1.307356765754598804e+00 9.616067098843026351e-01
9.327370620340570184e+00 2.730000000000000000e+02 1.000000000000000000e+01 1.638000000000000000e+03 2.350000000000000000e+01 2.350000000000000000e+02 3.980221373543537311e+01 2.338811633747964152e+02 1.693711222784483938e+00 9.952389930842400201e-01
1.865474124068114037e+01 2.730000000000000000e+02 1.000000000000000000e+01 1.638000000000000000e+03 4.700000000000000000e+01 2.350000000000000000e+02 6.673022508055774438e+01 2.303439313811609850e+02 1.419792022990590263e+00 9.801869420474935701e-01
1.146408715402857403e+01 2.730000000000000000e+02 1.000000000000000000e+01 1.638000000000000000e+03 3.550000000000000000e+01 3.550000000000000000e+02 5.606319611256765256e+01 3.570346142131976421e+02 1.579244960917398632e+00 1.005731307642810268e+00
2.292817430805714807e+01 2.730000000000000000e+02 1.000000000000000000e+01 1.638000000000000000e+03 7.100000000000000000e+01 3.550000000000000000e+02 9.735231934775632112e+01 3.561750044124836450e+02 1.371159427433187528e+00 1.003309871584461055e+00
1.246952607563323312e+01 2.730000000000000000e+02 1.000000000000000000e+01 1.638000000000000000e+03 4.200000000000000000e+01 4.200000000000000000e+02 6.400660585278193082e+01 4.158262666419632296e+02 1.523966806018617337e+00 9.900625396237219267e-01
2.493905215126646624e+01 2.730000000000000000e+02 1.000000000000000000e+01 1.638000000000000000e+03 8.400000000000000000e+01 4.200000000000000000e+02 1.125511843902424971e+02 4.116586050060408297e+02 1.339895052264791664e+00 9.801395357286686316e-01
1.598268896710847464e+01 2.730000000000000000e+02 1.000000000000000000e+01 1.638000000000000000e+03 6.900000000000000000e+01 6.900000000000000000e+02 9.575737675611215138e+01 6.645683364567116769e+02 1.387788068929161511e+00 9.631425166039300212e-01
2.316331734363546957e+01 2.730000000000000000e+02 1.000000000000000000e+01 1.638000000000000000e+03 1.000000000000000000e+02 6.900000000000000000e+02 1.310920579858645851e+02 6.676415881714096940e+02 1.310920579858645851e+00 9.675965045962459099e-01
1.160497646920110881e+01 1.330000000000000000e+02 4.000000000000000000e+00 7.980000000000000000e+02 2.350000000000000000e+01 2.350000000000000000e+02 3.786230184417980382e+01 2.343438067498380519e+02 1.611161780603395988e+00 9.972076882971832035e-01
2.320995293840221763e+01 1.330000000000000000e+02 4.000000000000000000e+00 7.980000000000000000e+02 4.700000000000000000e+01 2.350000000000000000e+02 6.301056036261363857e+01 2.291154902005820873e+02 1.340650220481141242e+00 9.749595327684343893e-01
1.426344755436710798e+01 1.330000000000000000e+02 4.000000000000000000e+00 7.980000000000000000e+02 3.550000000000000000e+01 3.550000000000000000e+02 5.393408822807982972e+01 3.570363285036087291e+02 1.519270090931826189e+00 1.005736136629883815e+00
2.852689510873421597e+01 1.330000000000000000e+02 4.000000000000000000e+00 7.980000000000000000e+02 7.100000000000000000e+01 3.550000000000000000e+02 9.244238635885606925e+01 3.544515207821214062e+02 1.302005441674029207e+00 9.984549881186518538e-01
1.551439977888747812e+01 1.330000000000000000e+02 4.000000000000000000e+00 7.980000000000000000e+02 4.200000000000000000e+01 4.200000000000000000e+02 6.212986901859107292e+01 4.151273434304555963e+02 1.479282595680739831e+00 9.883984367391800419e-01
3.102879955777495624e+01 1.330000000000000000e+02 4.000000000000000000e+00 7.980000000000000000e+02 8.400000000000000000e+01 4.200000000000000000e+02 1.075258189830160234e+02 4.131539643205142625e+02 1.280069273607333580e+00 9.836999150488434651e-01
1.988542504930308041e+01 1.330000000000000000e+02 4.000000000000000000e+00 7.980000000000000000e+02 6.900000000000000000e+01 6.900000000000000000e+02 9.484595908407476372e+01 6.657321104195663111e+02 1.374579117160503738e+00 9.648291455356033941e-01
2.881945659319287145e+01 1.330000000000000000e+02 4.000000000000000000e+00 7.980000000000000000e+02 1.000000000000000000e+02 6.900000000000000000e+02 1.299832660138829397e+02 6.679092253029012909e+02 1.299832660138829477e+00 9.679843844969583389e-01
1.443492492477201772e+01 1.015999999999999943e+02 2.500000000000000000e+00 6.096000000000000227e+02 2.350000000000000000e+01 2.350000000000000000e+02 3.548667013014038929e+01 2.337768524093024780e+02 1.510071069367676211e+00 9.947951166353297126e-01
2.886984984954403544e+01 1.015999999999999943e+02 2.500000000000000000e+00 6.096000000000000227e+02 4.700000000000000000e+01 2.350000000000000000e+02 5.816627866305670125e+01 2.282152411381845809e+02 1.237580397086312844e+00 9.711286856944024715e-01
1.774168135214546638e+01 1.015999999999999943e+02 2.500000000000000000e+00 6.096000000000000227e+02 3.550000000000000000e+01 3.550000000000000000e+02 5.175991778226887874e+01 3.558840591512737888e+02 1.458025853021658547e+00 1.002490307468376862e+00
3.548336270429093275e+01 1.015999999999999943e+02 2.500000000000000000e+00 6.096000000000000227e+02 7.100000000000000000e+01 3.550000000000000000e+02 8.560320895529439156e+01 3.569867080862204602e+02 1.205678999370343618e+00 1.005596360806254808e+00
1.929768635511564057e+01 1.015999999999999943e+02 2.500000000000000000e+00 6.096000000000000227e+02 4.200000000000000000e+01 4.200000000000000000e+02 6.014967044032227506e+01 4.151596677843700718e+02 1.432135010483863713e+00 9.884753994865954629e-01
3.859537271023128113e+01 1.015999999999999943e+02 2.500000000000000000e+00 6.096000000000000227e+02 8.400000000000000000e+01 4.200000000000000000e+02 1.004167818851473299e+02 4.176129026891403555e+02 1.195437879585087293e+00 9.943164349741436814e-01
2.473461436528282320e+01 1.015999999999999943e+02 2.500000000000000000e+00 6.096000000000000227e+02 6.900000000000000000e+01 6.900000000000000000e+02 9.348459112593693021e+01 6.664176867716746528e+02 1.354849146752709066e+00 9.658227344517024138e-01
3.584726719606206302e+01 1.015999999999999943e+02 2.500000000000000000e+00 6.096000000000000227e+02 1.000000000000000000e+02 6.900000000000000000e+02 1.284969772750384323e+02 6.672727298989152587e+02 1.284969772750384376e+00 9.670619273897322898e-01
1.629642877052321737e+01 2.730000000000000000e+02 6.000000000000000000e+00 1.638000000000000000e+03 2.350000000000000000e+01 2.350000000000000000e+02 3.472748499121037469e+01 2.337476035386059152e+02 1.477765318774909575e+00 9.946706533557698737e-01
3.259285754104643473e+01 2.730000000000000000e+02 6.000000000000000000e+00 1.638000000000000000e+03 4.700000000000000000e+01 2.350000000000000000e+02 5.584757425616979987e+01 2.282796044496754178e+02 1.188246260769570295e+00 9.714025721262783408e-01
2.002961899222520969e+01 2.730000000000000000e+02 6.000000000000000000e+00 1.638000000000000000e+03 3.550000000000000000e+01 3.550000000000000000e+02 5.080049388327743998e+01 3.554874672804608053e+02 1.430999827697956084e+00 1.001373147268903585e+00
4.005923798445041939e+01 2.730000000000000000e+02 6.000000000000000000e+00 1.638000000000000000e+03 7.100000000000000000e+01 3.550000000000000000e+02 8.251495468458712423e+01 3.581863818392119470e+02 1.162182460346297574e+00 1.008975723490737941e+00
2.178628380549105970e+01 2.730000000000000000e+02 6.000000000000000000e+00 1.638000000000000000e+03 4.200000000000000000e+01 4.200000000000000000e+02 5.917717100033241451e+01 4.142827106789895879e+02 1.408980261912676557e+00 9.863874063785466051e-01
4.357256761098211939e+01 2.730000000000000000e+02 6.000000000000000000e+00 1.638000000000000000e+03 8.400000000000000000e+01 4.200000000000000000e+02 9.680366548712326846e+01 4.172213822494619535e+02 1.152424589132419852e+00 9.933842434510998798e-01
2.792434898490184736e+01 2.730000000000000000e+02 6.000000000000000000e+00 1.638000000000000000e+03 6.900000000000000000e+01 6.900000000000000000e+02 9.255623117030833669e+01 6.705663950194654035e+02 1.341394654642149797e+00 9.718353551006745361e-01
4.047007099261136887e+01 2.730000000000000000e+02 6.000000000000000000e+00 1.638000000000000000e+03 1.000000000000000000e+02 6.900000000000000000e+02 1.252161509223244167e+02 6.624826961962480709e+02 1.252161509223244096e+00 9.601198495597798033e-01
1.759884279231388859e+01 2.445000000000000000e+02 5.000000000000000000e+00 1.467000000000000000e+03 2.350000000000000000e+01 2.350000000000000000e+02 3.384747358868487765e+01 2.331283556790422153e+02 1.440318025050420392e+00 9.920355560810306672e-01
3.519768558462777719e+01 2.445000000000000000e+02 5.000000000000000000e+00 1.467000000000000000e+03 4.700000000000000000e+01 2.350000000000000000e+02 5.474317016640522127e+01 2.279091530510313532e+02 1.164748301412876996e+00 9.698261831958780999e-01
2.163039036329912435e+01 2.445000000000000000e+02 5.000000000000000000e+00 1.467000000000000000e+03 3.550000000000000000e+01 3.550000000000000000e+02 4.976727983156452950e+01 3.549817115598104351e+02 1.401895206522944415e+00 9.999484832670716417e-01
4.326078072659824869e+01 2.445000000000000000e+02 5.000000000000000000e+00 1.467000000000000000e+03 7.100000000000000000e+01 3.550000000000000000e+02 8.100466590732474970e+01 3.587149488429894859e+02 1.140910787427109163e+00 1.010464644628139341e+00
2.352744819865592873e+01 2.445000000000000000e+02 5.000000000000000000e+00 1.467000000000000000e+03 4.200000000000000000e+01 4.200000000000000000e+02 5.816146460238438465e+01 4.152187703548115678e+02 1.384796776247247285e+00 9.886161198924084959e-01
4.705489639731185747e+01 2.445000000000000000e+02 5.000000000000000000e+00 1.467000000000000000e+03 8.400000000000000000e+01 4.200000000000000000e+02 9.496203402738726140e+01 4.170925620142810430e+02 1.130500405087943694e+00 9.930775286054310813e-01
3.015606884079421235e+01 2.445000000000000000e+02 5.000000000000000000e+00 1.467000000000000000e+03 6.900000000000000000e+01 6.900000000000000000e+02 9.264319587831315062e+01 6.728877491392021284e+02 1.342655012729176089e+00 9.751996364336262824e-01
4.370444759535393331e+01 2.445000000000000000e+02 5.000000000000000000e+00 1.467000000000000000e+03 1.000000000000000000e+02 6.900000000000000000e+02 1.223585343475828040e+02 6.666119862434252354e+02 1.223585343475828147e+00 9.661043278890221186e-01
1.984951979738589145e+01 2.190999999999999943e+02 4.000000000000000000e+00 1.314599999999999909e+03 2.350000000000000000e+01 2.350000000000000000e+02 3.286212212165470703e+01 2.328220672277458334e+02 1.398388175389561949e+00 9.907322009691311715e-01
3.969903959477178290e+01 2.190999999999999943e+02 4.000000000000000000e+00 1.314599999999999909e+03 4.700000000000000000e+01 2.350000000000000000e+02 5.282877391439412662e+01 2.277984015086462364e+02 1.124016466263704883e+00 9.693549000367924773e-01
2.439665305317724986e+01 2.190999999999999943e+02 4.000000000000000000e+00 1.314599999999999909e+03 3.550000000000000000e+01 3.550000000000000000e+02 4.854632004620221153e+01 3.553843524050723772e+02 1.367501973132456694e+00 1.001082682831189841e+00
4.879330610635449972e+01 2.190999999999999943e+02 4.000000000000000000e+00 1.314599999999999909e+03 7.100000000000000000e+01 3.550000000000000000e+02 7.908064713036104365e+01 3.583911206198772561e+02 1.113811931413535738e+00 1.009552452450358517e+00
2.653632141115285137e+01 2.190999999999999943e+02 4.000000000000000000e+00 1.314599999999999909e+03 4.200000000000000000e+01 4.200000000000000000e+02 5.713251623638532806e+01 4.175625297169262353e+02 1.360298005628222118e+00 9.941964993260148375e-01
5.307264282230570274e+01 2.190999999999999943e+02 4.000000000000000000e+00 1.314599999999999909e+03 8.400000000000000000e+01 4.200000000000000000e+02 9.238943574779804635e+01 4.148991814951811534e+02 1.099874235092833885e+00 9.878551940361456341e-01
3.401266165796434393e+01 2.190999999999999943e+02 4.000000000000000000e+00 1.314599999999999909e+03 6.900000000000000000e+01 6.900000000000000000e+02 9.157045739208143686e+01 6.737021858782437675e+02 1.327108078146107761e+00 9.763799795336866039e-01
4.929371254777441180e+01 2.190999999999999943e+02 4.000000000000000000e+00 1.314599999999999909e+03 1.000000000000000000e+02 6.900000000000000000e+02 1.170866893340637773e+02 6.636400221696154631e+02 1.170866893340637871e+00 9.617971335791528631e-01
2.228235853183522153e+01 2.445000000000000000e+02 4.000000000000000000e+00 1.467000000000000000e+03 2.350000000000000000e+01 2.350000000000000000e+02 3.200032587346076696e+01 2.325615289450301475e+02 1.361715994615351866e+00 9.896235274256601766e-01
4.456471706367044305e+01 2.445000000000000000e+02 4.000000000000000000e+00 1.467000000000000000e+03 4.700000000000000000e+01 2.350000000000000000e+02 5.175042659218374297e+01 2.280959139239520823e+02 1.101072906216675307e+00 9.706209103146896666e-01
2.738680712967574493e+01 2.445000000000000000e+02 4.000000000000000000e+00 1.467000000000000000e+03 3.550000000000000000e+01 3.550000000000000000e+02 4.782188523783472078e+01 3.554405810936060561e+02 1.347095358812245625e+00 1.001241073503115642e+00
5.477361425935148986e+01 2.445000000000000000e+02 4.000000000000000000e+00 1.467000000000000000e+03 7.100000000000000000e+01 3.550000000000000000e+02 7.633672792430279230e+01 3.553562465831446957e+02 1.075165182032433719e+00 1.001003511501816101e+00
2.978872203634841398e+01 2.445000000000000000e+02 4.000000000000000000e+00 1.467000000000000000e+03 4.200000000000000000e+01 4.200000000000000000e+02 5.641148357930374857e+01 4.149153092945767298e+02 1.343130561411993940e+00 9.878935935585160255e-01
5.957744407269682796e+01 2.445000000000000000e+02 4.000000000000000000e+00 1.467000000000000000e+03 8.400000000000000000e+01 4.200000000000000000e+02 8.966789150270240327e+01 4.126488504763750598e+02 1.067474898841695330e+00 9.824972630389882111e-01
3.818139327403661554e+01 2.445000000000000000e+02 4.000000000000000000e+00 1.467000000000000000e+03 6.900000000000000000e+01 6.900000000000000000e+02 8.871216941689849023e+01 6.743468285396282909e+02 1.285683614737659353e+00 9.773142442603308666e-01
5.533535257106755978e+01 2.445000000000000000e+02 4.000000000000000000e+00 1.467000000000000000e+03 1.000000000000000000e+02 6.900000000000000000e+02 1.134286605833753470e+02 6.800236527484156568e+02 1.134286605833753514e+00 9.855415257223415493e-01
2.501228775230443446e+01 2.730000000000000000e+02 4.000000000000000000e+00 1.638000000000000000e+03 2.350000000000000000e+01 2.350000000000000000e+02 3.111195474404913242e+01 2.318455453254561291e+02 1.323912967831877951e+00 9.865767886189622526e-01
5.002457550460886893e+01 2.730000000000000000e+02 4.000000000000000000e+00 1.638000000000000000e+03 4.700000000000000000e+01 2.350000000000000000e+02 4.952148851118135298e+01 2.277034760179208774e+02 1.053648691727262721e+00 9.689509617783866879e-01
3.074210925946777451e+01 2.730000000000000000e+02 4.000000000000000000e+00 1.638000000000000000e+03 3.550000000000000000e+01 3.550000000000000000e+02 4.602536966555149434e+01 3.579266433935946452e+02 1.296489286353563308e+00 1.008244065897449637e+00
6.148421851893554901e+01 2.730000000000000000e+02 4.000000000000000000e+00 1.638000000000000000e+03 7.100000000000000000e+01 3.550000000000000000e+02 7.370123058192228882e+01 3.566091462829990633e+02 1.038045501153834982e+00 1.004532806430983305e+00
3.343829542469855909e+01 2.730000000000000000e+02 4.000000000000000000e+00 1.638000000000000000e+03 4.200000000000000000e+01 4.200000000000000000e+02 5.416569302471739888e+01 4.140445633545563737e+02 1.289659357731366640e+00 9.858203889394199226e-01
6.687659084939711818e+01 2.730000000000000000e+02 4.000000000000000000e+00 1.638000000000000000e+03 8.400000000000000000e+01 4.200000000000000000e+02 8.655492909546342162e+01 4.133284123871950442e+02 1.030415822565040829e+00 9.841152675885596057e-01
4.285919706343801039e+01 2.730000000000000000e+02 4.000000000000000000e+00 1.638000000000000000e+03 6.900000000000000000e+01 6.900000000000000000e+02 8.537114767259194537e+01 6.768087743830268437e+02 1.237263009747709308e+00 9.808822817145316231e-01
6.211477835280869897e+01 2.730000000000000000e+02 4.000000000000000000e+00 1.638000000000000000e+03 1.000000000000000000e+02 6.900000000000000000e+02 1.106350210328007364e+02 6.822001757791654200e+02 1.106350210328007400e+00 9.886959069263266953e-01
2.684508711516770418e+01 2.190999999999999943e+02 3.000000000000000000e+00 1.314599999999999909e+03 2.350000000000000000e+01 2.350000000000000000e+02 3.054341125383875521e+01 2.319726282325075886e+02 1.299719627822925716e+00 9.871175669468408298e-01
5.369017423033540837e+01 2.190999999999999943e+02 3.000000000000000000e+00 1.314599999999999909e+03 4.700000000000000000e+01 2.350000000000000000e+02 4.848902912698260081e+01 2.275815922719494040e+02 1.031681470786863786e+00 9.684323075402102576e-01
3.299476678611223690e+01 2.190999999999999943e+02 3.000000000000000000e+00 1.314599999999999909e+03 3.550000000000000000e+01 3.550000000000000000e+02 4.506966740934319660e+01 3.557620372787305314e+02 1.269568096037836602e+00 1.002146583883747999e+00
6.598953357222447380e+01 2.190999999999999943e+02 3.000000000000000000e+00 1.314599999999999909e+03 7.100000000000000000e+01 3.550000000000000000e+02 7.214398898755392509e+01 3.561806388470525349e+02 1.016112520951463649e+00 1.003325743231133993e+00
3.588851857727584616e+01 2.190999999999999943e+02 3.000000000000000000e+00 1.314599999999999909e+03 4.200000000000000000e+01 4.200000000000000000e+02 5.274816659297535182e+01 4.132940451766407932e+02 1.255908728404175001e+00 9.840334408967638113e-01
7.177703715455169231e+01 2.190999999999999943e+02 3.000000000000000000e+00 1.314599999999999909e+03 8.400000000000000000e+01 4.200000000000000000e+02 8.388901683351055283e+01 4.103423926933999155e+02 9.986787718275065284e-01 9.770056968890473703e-01
4.599974581485973602e+01 2.190999999999999943e+02 3.000000000000000000e+00 1.314599999999999909e+03 6.900000000000000000e+01 6.900000000000000000e+02 8.352325341389769164e+01 6.703134966348150101e+02 1.210481933534749199e+00 9.714688357026304288e-01
6.666629828240540689e+01 2.190999999999999943e+02 3.000000000000000000e+00 1.314599999999999909e+03 1.000000000000000000e+02 6.900000000000000000e+02 1.078304693087604846e+02 6.826015594232886770e+02 1.078304693087604793e+00 9.892776223525923118e-01
