4.330497395199783384e+00 1.778000000000000114e+02 1.250000000000000000e+01 1.066799999999999955e+03 2.350000000000000000e+01 2.350000000000000000e+02 4.831871656354143596e+01 2.389832745516492309e+02 2.056115598448571724e+00 1.016950104475103034e+00
8.660994790399566767e+00 1.778000000000000114e+02 1.250000000000000000e+01 1.066799999999999955e+03 4.700000000000000000e+01 2.350000000000000000e+02 7.412434654976760839e+01 2.376693679649635840e+02 1.577113756378034193e+00 1.011359012616866337e+00
5.322528886179431318e+00 1.778000000000000114e+02 1.250000000000000000e+01 1.066799999999999955e+03 3.550000000000000000e+01 3.550000000000000000e+02 6.490860323981416968e+01 3.580279235249867043e+02 1.828411358868004877e+00 1.008529362042215993e+00
1.064505777235886264e+01 1.778000000000000114e+02 1.250000000000000000e+01 1.066799999999999955e+03 7.100000000000000000e+01 3.550000000000000000e+02 1.003899254649262787e+02 3.581064631123230129e+02 1.413942612182060188e+00 1.008750600316402846e+00
5.789332534095639637e+00 1.778000000000000114e+02 1.250000000000000000e+01 1.066799999999999955e+03 4.200000000000000000e+01 4.200000000000000000e+02 7.181646112097169521e+01 4.290218025246111893e+02 1.709915740975516574e+00 1.021480482201455153e+00
1.157866506819127927e+01 1.778000000000000114e+02 1.250000000000000000e+01 1.066799999999999955e+03 8.400000000000000000e+01 4.200000000000000000e+02 1.136212198694334603e+02 4.294595971464048603e+02 1.352633569874207797e+00 1.022522850348583034e+00
7.420418439191857729e+00 1.778000000000000114e+02 1.250000000000000000e+01 1.066799999999999955e+03 6.900000000000000000e+01 6.900000000000000000e+02 1.073240283404153814e+02 6.754086058870349234e+02 1.555420700585730120e+00 9.788530520101955679e-01
1.075422962201718491e+01 1.778000000000000114e+02 1.250000000000000000e+01 1.066799999999999955e+03 1.000000000000000000e+02 6.900000000000000000e+02 1.390259741010760308e+02 6.744140288273514443e+02 1.390259741010760219e+00 9.774116359816688027e-01
6.657600888251725912e+00 1.015999999999999943e+02 5.000000000000000000e+00 6.096000000000000227e+02 2.350000000000000000e+01 2.350000000000000000e+02 4.429334131605057223e+01 2.389618578278146401e+02 1.884823034725556345e+00 1.016858969480062269e+00
1.331520177650345182e+01 1.015999999999999943e+02 5.000000000000000000e+00 6.096000000000000227e+02 4.700000000000000000e+01 2.350000000000000000e+02 6.848309776812568828e+01 2.374309479034570245e+02 1.457087186555865665e+00 1.010344459163647013e+00
8.182725864158816975e+00 1.015999999999999943e+02 5.000000000000000000e+00 6.096000000000000227e+02 3.550000000000000000e+01 3.550000000000000000e+02 5.960114212502666220e+01 3.557804987635157659e+02 1.678905411972582140e+00 1.002198588066241625e+00
1.636545172831763395e+01 1.015999999999999943e+02 5.000000000000000000e+00 6.096000000000000227e+02 7.100000000000000000e+01 3.550000000000000000e+02 9.611635860572732781e+01 3.584263848158812493e+02 1.353751529658131281e+00 1.009651788213749901e+00
8.900378387042442441e+00 1.015999999999999943e+02 5.000000000000000000e+00 6.096000000000000227e+02 4.200000000000000000e+01 4.200000000000000000e+02 6.724262285835348507e+01 4.278693733970802100e+02 1.601014829960797359e+00 1.018736603326381385e+00
1.780075677408488488e+01 1.015999999999999943e+02 5.000000000000000000e+00 6.096000000000000227e+02 8.400000000000000000e+01 4.200000000000000000e+02 1.093237298049671011e+02 4.289297289472655166e+02 1.301472973868655902e+00 1.021261259398251298e+00
1.140797000518321980e+01 1.015999999999999943e+02 5.000000000000000000e+00 6.096000000000000227e+02 6.900000000000000000e+01 6.900000000000000000e+02 1.010602995884634083e+02 6.731403729187948102e+02 1.464642023021208717e+00 9.755657578533257768e-01
1.653328986258437894e+01 1.015999999999999943e+02 5.000000000000000000e+00 6.096000000000000227e+02 1.000000000000000000e+02 6.900000000000000000e+02 1.324841065595918224e+02 6.731550272298222808e+02 1.324841065595918188e+00 9.755869959852496720e-01
9.327370620340570184e+00 2.730000000000000000e+02 1.000000000000000000e+01 1.638000000000000000e+03 2.350000000000000000e+01 2.350000000000000000e+02 4.017980968235735162e+01 2.385578495283026541e+02 1.709779135419461804e+00 1.015139785226819802e+00
1.865474124068114037e+01 2.730000000000000000e+02 1.000000000000000000e+01 1.638000000000000000e+03 4.700000000000000000e+01 2.350000000000000000e+02 6.489100315837187338e+01 2.370300100178189666e+02 1.380659641667486559e+00 1.008638340501357256e+00
1.146408715402857403e+01 2.730000000000000000e+02 1.000000000000000000e+01 1.638000000000000000e+03 3.550000000000000000e+01 3.550000000000000000e+02 5.601464312684001357e+01 3.579136673270745632e+02 1.577877271178592000e+00 1.008207513597393135e+00
2.292817430805714807e+01 2.730000000000000000e+02 1.000000000000000000e+01 1.638000000000000000e+03 7.100000000000000000e+01 3.550000000000000000e+02 9.198003478391335364e+01 3.584839906867190393e+02 1.295493447660751363e+00 1.009814058272447967e+00
1.246952607563323312e+01 2.730000000000000000e+02 1.000000000000000000e+01 1.638000000000000000e+03 4.200000000000000000e+01 4.200000000000000000e+02 6.281485289349663503e+01 4.266847183232062548e+02 1.495591735559443691e+00 1.015915996007634048e+00
2.493905215126646624e+01 2.730000000000000000e+02 1.000000000000000000e+01 1.638000000000000000e+03 8.400000000000000000e+01 4.200000000000000000e+02 1.072976910213614872e+02 4.272271371721948867e+02 1.277353464540017747e+00 1.017207469457606983e+00
1.598268896710847464e+01 2.730000000000000000e+02 1.000000000000000000e+01 1.638000000000000000e+03 6.900000000000000000e+01 6.900000000000000000e+02 9.639770254503331159e+01 6.735840585773012208e+02 1.397068152826569820e+00 9.762087805468133705e-01
2.316331734363546957e+01 2.730000000000000000e+02 1.000000000000000000e+01 1.638000000000000000e+03 1.000000000000000000e+02 6.900000000000000000e+02 1.279313124313403875e+02 6.728866538185512809e+02 1.279313124313403938e+00 9.751980490123931533e-01
1.160497646920110881e+01 1.330000000000000000e+02 4.000000000000000000e+00 7.980000000000000000e+02 2.350000000000000000e+01 2.350000000000000000e+02 3.822790271995740596e+01 2.382214537194288084e+02 1.626719264679038490e+00 1.013708313699697161e+00
2.320995293840221763e+01 1.330000000000000000e+02 4.000000000000000000e+00 7.980000000000000000e+02 4.700000000000000000e+01 2.350000000000000000e+02 6.271106312530925919e+01 2.363158656793869739e+02 1.334277938836367250e+00 1.005599428422923269e+00
1.426344755436710798e+01 1.330000000000000000e+02 4.000000000000000000e+00 7.980000000000000000e+02 3.550000000000000000e+01 3.550000000000000000e+02 5.368403668858457678e+01 3.574647641636856292e+02 1.512226385593931743e+00 1.006942997644184823e+00
2.852689510873421597e+01 1.330000000000000000e+02 4.000000000000000000e+00 7.980000000000000000e+02 7.100000000000000000e+01 3.550000000000000000e+02 9.087031892026486446e+01 3.573069671807272698e+02 1.279863646764293872e+00 1.006498499100640265e+00
1.551439977888747812e+01 1.330000000000000000e+02 4.000000000000000000e+00 7.980000000000000000e+02 4.200000000000000000e+01 4.200000000000000000e+02 6.114088722419295863e+01 4.254760482995334314e+02 1.455735410099832317e+00 1.013038210236984371e+00
3.102879955777495624e+01 1.330000000000000000e+02 4.000000000000000000e+00 7.980000000000000000e+02 8.400000000000000000e+01 4.200000000000000000e+02 1.049864075051570751e+02 4.266710186614898248e+02 1.249838184585203349e+00 1.015883377765451900e+00
1.988542504930308041e+01 1.330000000000000000e+02 4.000000000000000000e+00 7.980000000000000000e+02 6.900000000000000000e+01 6.900000000000000000e+02 9.378776717817126496e+01 6.732401925418993187e+02 1.359243002582192217e+00 9.757104239737671714e-01
2.881945659319287145e+01 1.330000000000000000e+02 4.000000000000000000e+00 7.980000000000000000e+02 1.000000000000000000e+02 6.900000000000000000e+02 1.258318035101312233e+02 6.715221995351258784e+02 1.258318035101312127e+00 9.732205790364143461e-01
1.443492492477201772e+01 1.015999999999999943e+02 2.500000000000000000e+00 6.096000000000000227e+02 2.350000000000000000e+01 2.350000000000000000e+02 3.578167857506466731e+01 2.374672668912365339e+02 1.522624620215517810e+00 1.010499008047815117e+00
2.886984984954403544e+01 1.015999999999999943e+02 2.500000000000000000e+00 6.096000000000000227e+02 4.700000000000000000e+01 2.350000000000000000e+02 5.816627866305670125e+01 2.349492045015869053e+02 1.237580397086312844e+00 9.997838489429230480e-01
1.774168135214546638e+01 1.015999999999999943e+02 2.500000000000000000e+00 6.096000000000000227e+02 3.550000000000000000e+01 3.550000000000000000e+02 5.105886291120826570e+01 3.565244999721692238e+02 1.438277828484739951e+00 1.004294366118786641e+00
3.548336270429093275e+01 1.015999999999999943e+02 2.500000000000000000e+00 6.096000000000000227e+02 7.100000000000000000e+01 3.550000000000000000e+02 8.560320895529439156e+01 3.571233482378940494e+02 1.205678999370343618e+00 1.005981262641955087e+00
1.929768635511564057e+01 1.015999999999999943e+02 2.500000000000000000e+00 6.096000000000000227e+02 4.200000000000000000e+01 4.200000000000000000e+02 5.886755871588736255e+01 4.243640953553722852e+02 1.401608540854460960e+00 1.010390703227076914e+00
3.859537271023128113e+01 1.015999999999999943e+02 2.500000000000000000e+00 6.096000000000000227e+02 8.400000000000000000e+01 4.200000000000000000e+02 1.004167818851473299e+02 4.250360339645599197e+02 1.195437879585087293e+00 1.011990557058475959e+00
2.473461436528282320e+01 1.015999999999999943e+02 2.500000000000000000e+00 6.096000000000000227e+02 6.900000000000000000e+01 6.900000000000000000e+02 9.123452773191125686e+01 6.714473826020812339e+02 1.322239532346539903e+00 9.731121486986684666e-01
3.584726719606206302e+01 1.015999999999999943e+02 2.500000000000000000e+00 6.096000000000000227e+02 1.000000000000000000e+02 6.900000000000000000e+02 1.228895933204972835e+02 6.699507630600190851e+02 1.228895933204972923e+00 9.709431348695928277e-01
1.629642877052321737e+01 2.730000000000000000e+02 6.000000000000000000e+00 1.638000000000000000e+03 2.350000000000000000e+01 2.350000000000000000e+02 3.494030417882625272e+01 2.372152026553058022e+02 1.486821454418138400e+00 1.009426394277896932e+00
3.259285754104643473e+01 2.730000000000000000e+02 6.000000000000000000e+00 1.638000000000000000e+03 4.700000000000000000e+01 2.350000000000000000e+02 5.584757425616979987e+01 2.348231457093040149e+02 1.188246260769570295e+00 9.992474285502298548e-01
2.002961899222520969e+01 2.730000000000000000e+02 6.000000000000000000e+00 1.638000000000000000e+03 3.550000000000000000e+01 3.550000000000000000e+02 4.997208568871644019e+01 3.564172103817344919e+02 1.407664385597646284e+00 1.003992141920378778e+00
4.005923798445041939e+01 2.730000000000000000e+02 6.000000000000000000e+00 1.638000000000000000e+03 7.100000000000000000e+01 3.550000000000000000e+02 8.251495468458712423e+01 3.565155474934338713e+02 1.162182460346297574e+00 1.004269147868827705e+00
2.178628380549105970e+01 2.730000000000000000e+02 6.000000000000000000e+00 1.638000000000000000e+03 4.200000000000000000e+01 4.200000000000000000e+02 5.771806089600790557e+01 4.232757531951031069e+02 1.374239545143045360e+00 1.007799412369293046e+00
4.357256761098211939e+01 2.730000000000000000e+02 6.000000000000000000e+00 1.638000000000000000e+03 8.400000000000000000e+01 4.200000000000000000e+02 9.680366548712326846e+01 4.242867441767513128e+02 1.152424589132419852e+00 1.010206533754169689e+00
2.792434898490184736e+01 2.730000000000000000e+02 6.000000000000000000e+00 1.638000000000000000e+03 6.900000000000000000e+01 6.900000000000000000e+02 9.052730253617478695e+01 6.684613044355239708e+02 1.311989891828620136e+00 9.687844991819187790e-01
4.047007099261136887e+01 2.730000000000000000e+02 6.000000000000000000e+00 1.638000000000000000e+03 1.000000000000000000e+02 6.900000000000000000e+02 1.224553814876546767e+02 6.668606043714368070e+02 1.224553814876546687e+00 9.664646440165750585e-01
1.759884279231388859e+01 2.445000000000000000e+02 5.000000000000000000e+00 1.467000000000000000e+03 2.350000000000000000e+01 2.350000000000000000e+02 3.418352719350519919e+01 2.369748355678325140e+02 1.454618178447029786e+00 1.008403555607797930e+00
3.519768558462777719e+01 2.445000000000000000e+02 5.000000000000000000e+00 1.467000000000000000e+03 4.700000000000000000e+01 2.350000000000000000e+02 5.474317016640522127e+01 2.345841028737201555e+02 1.164748301412876996e+00 9.982302249945538275e-01
2.163039036329912435e+01 2.445000000000000000e+02 5.000000000000000000e+00 1.467000000000000000e+03 3.550000000000000000e+01 3.550000000000000000e+02 4.928845802099529294e+01 3.562610623546020747e+02 1.388407268197050515e+00 1.003552288322822728e+00
4.326078072659824869e+01 2.445000000000000000e+02 5.000000000000000000e+00 1.467000000000000000e+03 7.100000000000000000e+01 3.550000000000000000e+02 8.100466590732474970e+01 3.559031227913336579e+02 1.140910787427109163e+00 1.002544007862911757e+00
2.352744819865592873e+01 2.445000000000000000e+02 5.000000000000000000e+00 1.467000000000000000e+03 4.200000000000000000e+01 4.200000000000000000e+02 5.696673439146981366e+01 4.235740830814574451e+02 1.356350818844519468e+00 1.008509721622517619e+00
4.705489639731185747e+01 2.445000000000000000e+02 5.000000000000000000e+00 1.467000000000000000e+03 8.400000000000000000e+01 4.200000000000000000e+02 9.496203402738726140e+01 4.243513994638140048e+02 1.130500405087943694e+00 1.010360474913842843e+00
3.015606884079421235e+01 2.445000000000000000e+02 5.000000000000000000e+00 1.467000000000000000e+03 6.900000000000000000e+01 6.900000000000000000e+02 8.986390196164244060e+01 6.683488456688120323e+02 1.302375390748441220e+00 9.686215154620464451e-01
4.370444759535393331e+01 2.445000000000000000e+02 5.000000000000000000e+00 1.467000000000000000e+03 1.000000000000000000e+02 6.900000000000000000e+02 1.213151504891217769e+02 6.694629178512520866e+02 1.213151504891217813e+00 9.702361128279015645e-01
1.984951979738589145e+01 2.190999999999999943e+02 4.000000000000000000e+00 1.314599999999999909e+03 2.350000000000000000e+01 2.350000000000000000e+02 3.329924600928412559e+01 2.367435227547538261e+02 1.416989191884430843e+00 1.007419245764909821e+00
3.969903959477178290e+01 2.190999999999999943e+02 4.000000000000000000e+00 1.314599999999999909e+03 4.700000000000000000e+01 2.350000000000000000e+02 5.282877391439412662e+01 2.342756889595277414e+02 1.124016466263704883e+00 9.969178253596925332e-01
2.439665305317724986e+01 2.190999999999999943e+02 4.000000000000000000e+00 1.314599999999999909e+03 3.550000000000000000e+01 3.550000000000000000e+02 4.824840880553847455e+01 3.560990722337558054e+02 1.359110107198266970e+00 1.003095978123255794e+00
4.879330610635449972e+01 2.190999999999999943e+02 4.000000000000000000e+00 1.314599999999999909e+03 7.100000000000000000e+01 3.550000000000000000e+02 7.908064713036104365e+01 3.557810109977648381e+02 1.113811931413535738e+00 1.002200030979619294e+00
2.653632141115285137e+01 2.190999999999999943e+02 4.000000000000000000e+00 1.314599999999999909e+03 4.200000000000000000e+01 4.200000000000000000e+02 5.587499446271435488e+01 4.231463061746312633e+02 1.330357011017008428e+00 1.007491205177693416e+00
5.307264282230570274e+01 2.190999999999999943e+02 4.000000000000000000e+00 1.314599999999999909e+03 8.400000000000000000e+01 4.200000000000000000e+02 9.238943574779804635e+01 4.234665737805047456e+02 1.099874235092833885e+00 1.008253747096439890e+00
3.401266165796434393e+01 2.190999999999999943e+02 4.000000000000000000e+00 1.314599999999999909e+03 6.900000000000000000e+01 6.900000000000000000e+02 8.834227366110229696e+01 6.685968309346872047e+02 1.280322806682641978e+00 9.689809143980974149e-01
4.929371254777441180e+01 2.190999999999999943e+02 4.000000000000000000e+00 1.314599999999999909e+03 1.000000000000000000e+02 6.900000000000000000e+02 1.170866893340637773e+02 6.677207745064711162e+02 1.170866893340637871e+00 9.677112674006828064e-01
2.228235853183522153e+01 2.445000000000000000e+02 4.000000000000000000e+00 1.467000000000000000e+03 2.350000000000000000e+01 2.350000000000000000e+02 3.268536504180297442e+01 2.360096401906430685e+02 1.390866597523530812e+00 1.004296341236778911e+00
4.456471706367044305e+01 2.445000000000000000e+02 4.000000000000000000e+00 1.467000000000000000e+03 4.700000000000000000e+01 2.350000000000000000e+02 5.175042659218374297e+01 2.337445852132337336e+02 1.101072906216675307e+00 9.946578094180158480e-01
2.738680712967574493e+01 2.445000000000000000e+02 4.000000000000000000e+00 1.467000000000000000e+03 3.550000000000000000e+01 3.550000000000000000e+02 4.782066336612928836e+01 3.550833146233745197e+02 1.347060939890965869e+00 1.000234689079928296e+00
5.477361425935148986e+01 2.445000000000000000e+02 4.000000000000000000e+00 1.467000000000000000e+03 7.100000000000000000e+01 3.550000000000000000e+02 7.633672792430279230e+01 3.549670474262556468e+02 1.075165182032433719e+00 9.999071758486074435e-01
2.978872203634841398e+01 2.445000000000000000e+02 4.000000000000000000e+00 1.467000000000000000e+03 4.200000000000000000e+01 4.200000000000000000e+02 5.544977030500209025e+01 4.215843134350004107e+02 1.320232626309573609e+00 1.003772174845239062e+00
5.957744407269682796e+01 2.445000000000000000e+02 4.000000000000000000e+00 1.467000000000000000e+03 8.400000000000000000e+01 4.200000000000000000e+02 8.966789150270240327e+01 4.224264384185959216e+02 1.067474898841695330e+00 1.005777234329990222e+00
3.818139327403661554e+01 2.445000000000000000e+02 4.000000000000000000e+00 1.467000000000000000e+03 6.900000000000000000e+01 6.900000000000000000e+02 8.654783760143963889e+01 6.694948969109299242e+02 1.254316486977386180e+00 9.702824592912028256e-01
5.533535257106755978e+01 2.445000000000000000e+02 4.000000000000000000e+00 1.467000000000000000e+03 1.000000000000000000e+02 6.900000000000000000e+02 1.134286605833753470e+02 6.678844833854720946e+02 1.134286605833753514e+00 9.679485266456117065e-01
2.501228775230443446e+01 2.730000000000000000e+02 4.000000000000000000e+00 1.638000000000000000e+03 2.350000000000000000e+01 2.350000000000000000e+02 3.142163606466126069e+01 2.359741101432026369e+02 1.337090896368564374e+00 1.004145149545543125e+00
5.002457550460886893e+01 2.730000000000000000e+02 4.000000000000000000e+00 1.638000000000000000e+03 4.700000000000000000e+01 2.350000000000000000e+02 4.952148851118135298e+01 2.335627596651457054e+02 1.053648691727262721e+00 9.938840836814710755e-01
3.074210925946777451e+01 2.730000000000000000e+02 4.000000000000000000e+00 1.638000000000000000e+03 3.550000000000000000e+01 3.550000000000000000e+02 4.602536966555149434e+01 3.559821436221100726e+02 1.296489286353563308e+00 1.002766601752422826e+00
6.148421851893554901e+01 2.730000000000000000e+02 4.000000000000000000e+00 1.638000000000000000e+03 7.100000000000000000e+01 3.550000000000000000e+02 7.370123058192228882e+01 3.549105590356016933e+02 1.038045501153834982e+00 9.997480536214131686e-01
3.343829542469855909e+01 2.730000000000000000e+02 4.000000000000000000e+00 1.638000000000000000e+03 4.200000000000000000e+01 4.200000000000000000e+02 5.416569302471739888e+01 4.208878282872202021e+02 1.289659357731366640e+00 1.002113876874333842e+00
6.687659084939711818e+01 2.730000000000000000e+02 4.000000000000000000e+00 1.638000000000000000e+03 8.400000000000000000e+01 4.200000000000000000e+02 8.655492909546342162e+01 4.222035048555857770e+02 1.030415822565040829e+00 1.005246440132347097e+00
4.285919706343801039e+01 2.730000000000000000e+02 4.000000000000000000e+00 1.638000000000000000e+03 6.900000000000000000e+01 6.900000000000000000e+02 8.537114767259194537e+01 6.674495608164332907e+02 1.237263009747709308e+00 9.673182040817873695e-01
6.211477835280869897e+01 2.730000000000000000e+02 4.000000000000000000e+00 1.638000000000000000e+03 1.000000000000000000e+02 6.900000000000000000e+02 1.106350210328007364e+02 6.680531471378199058e+02 1.106350210328007400e+00 9.681929668664056576e-01
2.684508711516770418e+01 2.190999999999999943e+02 3.000000000000000000e+00 1.314599999999999909e+03 2.350000000000000000e+01 2.350000000000000000e+02 3.054341125383875521e+01 2.356404464625325375e+02 1.299719627822925716e+00 1.002725304095883230e+00
5.369017423033540837e+01 2.190999999999999943e+02 3.000000000000000000e+00 1.314599999999999909e+03 4.700000000000000000e+01 2.350000000000000000e+02 4.848902912698260081e+01 2.334362688382955469e+02 1.031681470786863786e+00 9.933458248438108429e-01
3.299476678611223690e+01 2.190999999999999943e+02 3.000000000000000000e+00 1.314599999999999909e+03 3.550000000000000000e+01 3.550000000000000000e+02 4.506966740934319660e+01 3.542299169722416536e+02 1.269568096037836602e+00 9.978307520344835702e-01
6.598953357222447380e+01 2.190999999999999943e+02 3.000000000000000000e+00 1.314599999999999909e+03 7.100000000000000000e+01 3.550000000000000000e+02 7.214398898755392509e+01 3.543772996825051678e+02 1.016112520951463649e+00 9.982459145986061211e-01
3.588851857727584616e+01 2.190999999999999943e+02 3.000000000000000000e+00 1.314599999999999909e+03 4.200000000000000000e+01 4.200000000000000000e+02 5.274816659297535182e+01 4.208586228413158778e+02 1.255908728404175001e+00 1.002044340098371178e+00
7.177703715455169231e+01 2.190999999999999943e+02 3.000000000000000000e+00 1.314599999999999909e+03 8.400000000000000000e+01 4.200000000000000000e+02 8.388901683351055283e+01 4.238200006413994743e+02 9.986787718275065284e-01 1.009095239622379792e+00
4.599974581485973602e+01 2.190999999999999943e+02 3.000000000000000000e+00 1.314599999999999909e+03 6.900000000000000000e+01 6.900000000000000000e+02 8.352325341389769164e+01 6.676753207104785588e+02 1.210481933534749199e+00 9.676453923340269103e-01
6.666629828240540689e+01 2.190999999999999943e+02 3.000000000000000000e+00 1.314599999999999909e+03 1.000000000000000000e+02 6.900000000000000000e+02 1.078304693087604846e+02 6.665865898290193172e+02 1.078304693087604793e+00 9.660675214913323483e-01
