4.330497395199783384e+00 1.778000000000000114e+02 1.250000000000000000e+01 1.066799999999999955e+03 2.350000000000000000e+01 2.350000000000000000e+02 4.566954406149725543e+01 2.262208025145646104e+02 1.943384853680734325e+00 9.626417128279345370e-01
8.660994790399566767e+00 1.778000000000000114e+02 1.250000000000000000e+01 1.066799999999999955e+03 4.700000000000000000e+01 2.350000000000000000e+02 7.352154680831330325e+01 2.247901245929758147e+02 1.564288229964112764e+00 9.565537216722375113e-01
5.322528886179431318e+00 1.778000000000000114e+02 1.250000000000000000e+01 1.066799999999999955e+03 3.550000000000000000e+01 3.550000000000000000e+02 6.194584468821543055e+01 3.503063896593542381e+02 1.744953371499026185e+00 9.867785624207161543e-01
1.064505777235886264e+01 1.778000000000000114e+02 1.250000000000000000e+01 1.066799999999999955e+03 7.100000000000000000e+01 3.550000000000000000e+02 1.015397004081577279e+02 3.512244342477744681e+02 1.430136625467010258e+00 9.893646035148576656e-01
5.789332534095639637e+00 1.778000000000000114e+02 1.250000000000000000e+01 1.066799999999999955e+03 4.200000000000000000e+01 4.200000000000000000e+02 7.023331613828453612e+01 4.036013147697504451e+02 1.672221812816298447e+00 9.609555113565486639e-01
1.157866506819127927e+01 1.778000000000000114e+02 1.250000000000000000e+01 1.066799999999999955e+03 8.400000000000000000e+01 4.200000000000000000e+02 1.153924026433350178e+02 3.975203910268808158e+02 1.373719079087321715e+00 9.464771214925733478e-01
7.420418439191857729e+00 1.778000000000000114e+02 1.250000000000000000e+01 1.066799999999999955e+03 6.900000000000000000e+01 6.900000000000000000e+02 1.026286467013614185e+02 6.627027003481141492e+02 1.487371691324078427e+00 9.604386961566871994e-01
1.075422962201718491e+01 1.778000000000000114e+02 1.250000000000000000e+01 1.066799999999999955e+03 1.000000000000000000e+02 6.900000000000000000e+02 1.341300587239092863e+02 6.629016004784240295e+02 1.341300587239092845e+00 9.607269572151072579e-01
6.657600888251725912e+00 1.015999999999999943e+02 5.000000000000000000e+00 6.096000000000000227e+02 2.350000000000000000e+01 2.350000000000000000e+02 4.247132338489158343e+01 2.290076035428020305e+02 1.807290356803897158e+00 9.745004406076681613e-01
1.331520177650345182e+01 1.015999999999999943e+02 5.000000000000000000e+00 6.096000000000000227e+02 4.700000000000000000e+01 2.350000000000000000e+02 6.978235502454185735e+01 2.265453487591430246e+02 1.484730957968975584e+00 9.640227606772043822e-01
8.182725864158816975e+00 1.015999999999999943e+02 5.000000000000000000e+00 6.096000000000000227e+02 3.550000000000000000e+01 3.550000000000000000e+02 5.818499628276055802e+01 3.481992642713076407e+02 1.639013979796072107e+00 9.808429979473454186e-01
1.636545172831763395e+01 1.015999999999999943e+02 5.000000000000000000e+00 6.096000000000000227e+02 7.100000000000000000e+01 3.550000000000000000e+02 9.807411503870469005e+01 3.497864473269078758e+02 1.381325563925418276e+00 9.853139361321349154e-01
8.900378387042442441e+00 1.015999999999999943e+02 5.000000000000000000e+00 6.096000000000000227e+02 4.200000000000000000e+01 4.200000000000000000e+02 6.644722200167035453e+01 4.048996426241768631e+02 1.582076714325484579e+00 9.640467681528021027e-01
1.780075677408488488e+01 1.015999999999999943e+02 5.000000000000000000e+00 6.096000000000000227e+02 8.400000000000000000e+01 4.200000000000000000e+02 1.130718223976143975e+02 4.051743529226775991e+02 1.346093123781123779e+00 9.647008402920894676e-01
1.140797000518321980e+01 1.015999999999999943e+02 5.000000000000000000e+00 6.096000000000000227e+02 6.900000000000000000e+01 6.900000000000000000e+02 9.894156852292815074e+01 6.443958632501042985e+02 1.433935775694610948e+00 9.339070481885569652e-01
1.653328986258437894e+01 1.015999999999999943e+02 5.000000000000000000e+00 6.096000000000000227e+02 1.000000000000000000e+02 6.900000000000000000e+02 1.313049133105043325e+02 6.486312667955261304e+02 1.313049133105043342e+00 9.400453141964146830e-01
9.327370620340570184e+00 2.730000000000000000e+02 1.000000000000000000e+01 1.638000000000000000e+03 2.350000000000000000e+01 2.350000000000000000e+02 3.942813856049568244e+01 2.290755915731222103e+02 1.677793130233858898e+00 9.747897513749881337e-01
1.865474124068114037e+01 2.730000000000000000e+02 1.000000000000000000e+01 1.638000000000000000e+03 4.700000000000000000e+01 2.350000000000000000e+02 6.609171768279145454e+01 2.270046792245715608e+02 1.406206759208328716e+00 9.659773584024321513e-01
1.146408715402857403e+01 2.730000000000000000e+02 1.000000000000000000e+01 1.638000000000000000e+03 3.550000000000000000e+01 3.550000000000000000e+02 5.546307343115382338e+01 3.492612524154785660e+02 1.562340096652220289e+00 9.838345138464185125e-01
2.292817430805714807e+01 2.730000000000000000e+02 1.000000000000000000e+01 1.638000000000000000e+03 7.100000000000000000e+01 3.550000000000000000e+02 9.595929401963255145e+01 3.513304505145016492e+02 1.351539352389190762e+00 9.896632408859201702e-01
1.246952607563323312e+01 2.730000000000000000e+02 1.000000000000000000e+01 1.638000000000000000e+03 4.200000000000000000e+01 4.200000000000000000e+02 6.372458482977916105e+01 4.043803271278910643e+02 1.517252019756646586e+00 9.628103026854548663e-01
2.493905215126646624e+01 2.730000000000000000e+02 1.000000000000000000e+01 1.638000000000000000e+03 8.400000000000000000e+01 4.200000000000000000e+02 1.109028548127824649e+02 4.069220159853280165e+02 1.320272081104553186e+00 9.688619428222096097e-01
1.598268896710847464e+01 2.730000000000000000e+02 1.000000000000000000e+01 1.638000000000000000e+03 6.900000000000000000e+01 6.900000000000000000e+02 9.643614755743868727e+01 6.475082030082246547e+02 1.397625326919401223e+00 9.384176855191661559e-01
2.316331734363546957e+01 2.730000000000000000e+02 1.000000000000000000e+01 1.638000000000000000e+03 1.000000000000000000e+02 6.900000000000000000e+02 1.294491168274888082e+02 6.500614763015657900e+02 1.294491168274888082e+00 9.421180815964721456e-01
1.160497646920110881e+01 1.330000000000000000e+02 4.000000000000000000e+00 7.980000000000000000e+02 2.350000000000000000e+01 2.350000000000000000e+02 3.740429301805065876e+01 2.280320619795696757e+02 1.591672043321304519e+00 9.703491999130624546e-01
2.320995293840221763e+01 1.330000000000000000e+02 4.000000000000000000e+00 7.980000000000000000e+02 4.700000000000000000e+01 2.350000000000000000e+02 6.104474271311029554e+01 2.263606426393196500e+02 1.298824313044899981e+00 9.632367771885942398e-01
1.426344755436710798e+01 1.330000000000000000e+02 4.000000000000000000e+00 7.980000000000000000e+02 3.550000000000000000e+01 3.550000000000000000e+02 5.337159942412701952e+01 3.491411889351303444e+02 1.503425335890901993e+00 9.834963068595220514e-01
2.852689510873421597e+01 1.330000000000000000e+02 4.000000000000000000e+00 7.980000000000000000e+02 7.100000000000000000e+01 3.550000000000000000e+02 8.975332460029466120e+01 3.525276981674263084e+02 1.264131332398516383e+00 9.930357694857079309e-01
1.551439977888747812e+01 1.330000000000000000e+02 4.000000000000000000e+00 7.980000000000000000e+02 4.200000000000000000e+01 4.200000000000000000e+02 6.163386931231516996e+01 4.033094719387220266e+02 1.467473078864646840e+00 9.602606474731476549e-01
3.102879955777495624e+01 1.330000000000000000e+02 4.000000000000000000e+00 7.980000000000000000e+02 8.400000000000000000e+01 4.200000000000000000e+02 1.049574727243549290e+02 4.039487173789104304e+02 1.249493722908987303e+00 9.617826604259772649e-01
1.988542504930308041e+01 1.330000000000000000e+02 4.000000000000000000e+00 7.980000000000000000e+02 6.900000000000000000e+01 6.900000000000000000e+02 9.490953381381484633e+01 6.479709570224508752e+02 1.375500490055287628e+00 9.390883435107983956e-01
2.881945659319287145e+01 1.330000000000000000e+02 4.000000000000000000e+00 7.980000000000000000e+02 1.000000000000000000e+02 6.900000000000000000e+02 1.287108499396421166e+02 6.481064938161973714e+02 1.287108499396421246e+00 9.392847736466628517e-01
1.443492492477201772e+01 1.015999999999999943e+02 2.500000000000000000e+00 6.096000000000000227e+02 2.350000000000000000e+01 2.350000000000000000e+02 3.539164979487740226e+01 2.283839123105170756e+02 1.506027650845846999e+00 9.718464353639024722e-01
2.886984984954403544e+01 1.015999999999999943e+02 2.500000000000000000e+00 6.096000000000000227e+02 4.700000000000000000e+01 2.350000000000000000e+02 5.622894966744662071e+01 2.246534864677025780e+02 1.196360631222268545e+00 9.559722828412875462e-01
1.774168135214546638e+01 1.015999999999999943e+02 2.500000000000000000e+00 6.096000000000000227e+02 3.550000000000000000e+01 3.550000000000000000e+02 5.139219274807722826e+01 3.473762503070792036e+02 1.447667401354288064e+00 9.785246487523358017e-01
3.548336270429093275e+01 1.015999999999999943e+02 2.500000000000000000e+00 6.096000000000000227e+02 7.100000000000000000e+01 3.550000000000000000e+02 8.323453013541551115e+01 3.519983466984303959e+02 1.172317325850922742e+00 9.915446385871278245e-01
1.929768635511564057e+01 1.015999999999999943e+02 2.500000000000000000e+00 6.096000000000000227e+02 4.200000000000000000e+01 4.200000000000000000e+02 5.961706281189501055e+01 4.041928934739811439e+02 1.419453876473690812e+00 9.623640320809074833e-01
3.859537271023128113e+01 1.015999999999999943e+02 2.500000000000000000e+00 6.096000000000000227e+02 8.400000000000000000e+01 4.200000000000000000e+02 9.783785716792195331e+01 4.092169372349175092e+02 1.164736394856213719e+00 9.743260410355178980e-01
2.473461436528282320e+01 1.015999999999999943e+02 2.500000000000000000e+00 6.096000000000000227e+02 6.900000000000000000e+01 6.900000000000000000e+02 9.310074520520963404e+01 6.497404569854338661e+02 1.349286162394342625e+00 9.416528362107736694e-01
3.584726719606206302e+01 1.015999999999999943e+02 2.500000000000000000e+00 6.096000000000000227e+02 1.000000000000000000e+02 6.900000000000000000e+02 1.261353060690644554e+02 6.469133049890293705e+02 1.261353060690644456e+00 9.375555144768541460e-01
1.629642877052321737e+01 2.730000000000000000e+02 6.000000000000000000e+00 1.638000000000000000e+03 2.350000000000000000e+01 2.350000000000000000e+02 3.428019968343672019e+01 2.285115383557114797e+02 1.458731901422839261e+00 9.723895249179211886e-01
3.259285754104643473e+01 2.730000000000000000e+02 6.000000000000000000e+00 1.638000000000000000e+03 4.700000000000000000e+01 2.350000000000000000e+02 5.390789762603267121e+01 2.233552022267172674e+02 1.146976545234737577e+00 9.504476690498606661e-01
2.002961899222520969e+01 2.730000000000000000e+02 6.000000000000000000e+00 1.638000000000000000e+03 3.550000000000000000e+01 3.550000000000000000e+02 5.028077850787114045e+01 3.465545634519282885e+02 1.416359957968201133e+00 9.762100378927557331e-01
4.005923798445041939e+01 2.730000000000000000e+02 6.000000000000000000e+00 1.638000000000000000e+03 7.100000000000000000e+01 3.550000000000000000e+02 8.019978343185735525e+01 3.528619446113656295e+02 1.129574414533202287e+00 9.939773087644102612e-01
2.178628380549105970e+01 2.730000000000000000e+02 6.000000000000000000e+00 1.638000000000000000e+03 4.200000000000000000e+01 4.200000000000000000e+02 5.874542182864185236e+01 4.028691344627910098e+02 1.398700519729567882e+00 9.592122249114071186e-01
4.357256761098211939e+01 2.730000000000000000e+02 6.000000000000000000e+00 1.638000000000000000e+03 8.400000000000000000e+01 4.200000000000000000e+02 9.403102008596798100e+01 4.089651938115635517e+02 1.119416905785333149e+00 9.737266519322941294e-01
2.792434898490184736e+01 2.730000000000000000e+02 6.000000000000000000e+00 1.638000000000000000e+03 6.900000000000000000e+01 6.900000000000000000e+02 9.214803102392664869e+01 6.488529226836944872e+02 1.335478710491690535e+00 9.403665546140499432e-01
4.047007099261136887e+01 2.730000000000000000e+02 6.000000000000000000e+00 1.638000000000000000e+03 1.000000000000000000e+02 6.900000000000000000e+02 1.212191812298518272e+02 6.456248582900198016e+02 1.212191812298518245e+00 9.356882004203185277e-01
1.759884279231388859e+01 2.445000000000000000e+02 5.000000000000000000e+00 1.467000000000000000e+03 2.350000000000000000e+01 2.350000000000000000e+02 3.377957122621074859e+01 2.274462817664247041e+02 1.437428562817478772e+00 9.678565181549987351e-01
3.519768558462777719e+01 2.445000000000000000e+02 5.000000000000000000e+00 1.467000000000000000e+03 4.700000000000000000e+01 2.350000000000000000e+02 5.279757441284931474e+01 2.236303407917735342e+02 1.123352647081900413e+00 9.516184714543555190e-01
2.163039036329912435e+01 2.445000000000000000e+02 5.000000000000000000e+00 1.467000000000000000e+03 3.550000000000000000e+01 3.550000000000000000e+02 4.960234471950118973e+01 3.455146255130619579e+02 1.397249147028202465e+00 9.732806352480618539e-01
4.326078072659824869e+01 2.445000000000000000e+02 5.000000000000000000e+00 1.467000000000000000e+03 7.100000000000000000e+01 3.550000000000000000e+02 7.826489499450740084e+01 3.521990003684560406e+02 1.102322464711371852e+00 9.921098601928338701e-01
2.352744819865592873e+01 2.445000000000000000e+02 5.000000000000000000e+00 1.467000000000000000e+03 4.200000000000000000e+01 4.200000000000000000e+02 5.809201254666065495e+01 4.040632887280111731e+02 1.383143155872872843e+00 9.620554493524076101e-01
4.705489639731185747e+01 2.445000000000000000e+02 5.000000000000000000e+00 1.467000000000000000e+03 8.400000000000000000e+01 4.200000000000000000e+02 9.203257634084519623e+01 4.045397179627825608e+02 1.095625908819585659e+00 9.631898046732918495e-01
3.015606884079421235e+01 2.445000000000000000e+02 5.000000000000000000e+00 1.467000000000000000e+03 6.900000000000000000e+01 6.900000000000000000e+02 9.155226106741827152e+01 6.500038299942171989e+02 1.326844363295917040e+00 9.420345362235031939e-01
4.370444759535393331e+01 2.445000000000000000e+02 5.000000000000000000e+00 1.467000000000000000e+03 1.000000000000000000e+02 6.900000000000000000e+02 1.186846603301419805e+02 6.512325858957115088e+02 1.186846603301419778e+00 9.438153418778427728e-01
1.984951979738589145e+01 2.190999999999999943e+02 4.000000000000000000e+00 1.314599999999999909e+03 2.350000000000000000e+01 2.350000000000000000e+02 3.271503569580868742e+01 2.270745916407753384e+02 1.392129178545050472e+00 9.662748580458525582e-01
3.969903959477178290e+01 2.190999999999999943e+02 4.000000000000000000e+00 1.314599999999999909e+03 4.700000000000000000e+01 2.350000000000000000e+02 5.060984876568549140e+01 2.239362094585590057e+02 1.076805292886925391e+00 9.529200402491873056e-01
2.439665305317724986e+01 2.190999999999999943e+02 4.000000000000000000e+00 1.314599999999999909e+03 3.550000000000000000e+01 3.550000000000000000e+02 4.849465733465192585e+01 3.446548921702392363e+02 1.366046685483152778e+00 9.708588511837724644e-01
4.879330610635449972e+01 2.190999999999999943e+02 4.000000000000000000e+00 1.314599999999999909e+03 7.100000000000000000e+01 3.550000000000000000e+02 7.481421823848907593e+01 3.553274862158581300e+02 1.053721383640691123e+00 1.000922496382699034e+00
2.653632141115285137e+01 2.190999999999999943e+02 4.000000000000000000e+00 1.314599999999999909e+03 4.200000000000000000e+01 4.200000000000000000e+02 5.667516316769603435e+01 4.036020248777923030e+02 1.349408646849905580e+00 9.609572020899816991e-01
5.307264282230570274e+01 2.190999999999999943e+02 4.000000000000000000e+00 1.314599999999999909e+03 8.400000000000000000e+01 4.200000000000000000e+02 8.839737145880195612e+01 4.091810783704946743e+02 1.052349660223832917e+00 9.742406627868920310e-01
3.401266165796434393e+01 2.190999999999999943e+02 4.000000000000000000e+00 1.314599999999999909e+03 6.900000000000000000e+01 6.900000000000000000e+02 8.919307215666972866e+01 6.492817425760839569e+02 1.292653219661880071e+00 9.409880327189622529e-01
4.929371254777441180e+01 2.190999999999999943e+02 4.000000000000000000e+00 1.314599999999999909e+03 1.000000000000000000e+02 6.900000000000000000e+02 1.139274776478846576e+02 6.566962024517574719e+02 1.139274776478846674e+00 9.517336267416774964e-01
2.228235853183522153e+01 2.445000000000000000e+02 4.000000000000000000e+00 1.467000000000000000e+03 2.350000000000000000e+01 2.350000000000000000e+02 3.179517464437970631e+01 2.285916502835797246e+02 1.352986155079987540e+00 9.727304267386370773e-01
4.456471706367044305e+01 2.445000000000000000e+02 4.000000000000000000e+00 1.467000000000000000e+03 4.700000000000000000e+01 2.350000000000000000e+02 4.847815760060251478e+01 2.236094815289921200e+02 1.031450161714947189e+00 9.515297086340089860e-01
2.738680712967574493e+01 2.445000000000000000e+02 4.000000000000000000e+00 1.467000000000000000e+03 3.550000000000000000e+01 3.550000000000000000e+02 4.656075218811047023e+01 3.428880491074721704e+02 1.311570484172125850e+00 9.658818284717526348e-01
5.477361425935148986e+01 2.445000000000000000e+02 4.000000000000000000e+00 1.467000000000000000e+03 7.100000000000000000e+01 3.550000000000000000e+02 7.229379286461477250e+01 3.552257682566441872e+02 1.018222434712884095e+00 1.000635966920124575e+00
2.978872203634841398e+01 2.445000000000000000e+02 4.000000000000000000e+00 1.467000000000000000e+03 4.200000000000000000e+01 4.200000000000000000e+02 5.432643583767232087e+01 4.040856554645991991e+02 1.293486567563626677e+00 9.621087034871409482e-01
5.957744407269682796e+01 2.445000000000000000e+02 4.000000000000000000e+00 1.467000000000000000e+03 8.400000000000000000e+01 4.200000000000000000e+02 8.510608599156269349e+01 4.107113215176443646e+02 1.013167690375746277e+00 9.778840988515341559e-01
3.818139327403661554e+01 2.445000000000000000e+02 4.000000000000000000e+00 1.467000000000000000e+03 6.900000000000000000e+01 6.900000000000000000e+02 8.590010185687422961e+01 6.487749433941837651e+02 1.244929012418467096e+00 9.402535411509909125e-01
5.533535257106755978e+01 2.445000000000000000e+02 4.000000000000000000e+00 1.467000000000000000e+03 1.000000000000000000e+02 6.900000000000000000e+02 1.096687177502180788e+02 6.475429925806296296e+02 1.096687177502180699e+00 9.384681051893183357e-01
2.501228775230443446e+01 2.730000000000000000e+02 4.000000000000000000e+00 1.638000000000000000e+03 2.350000000000000000e+01 2.350000000000000000e+02 3.030902097119882299e+01 2.268732464571683067e+02 1.289745573242503163e+00 9.654180700305033946e-01
5.002457550460886893e+01 2.730000000000000000e+02 4.000000000000000000e+00 1.638000000000000000e+03 4.700000000000000000e+01 2.350000000000000000e+02 4.665120918087804114e+01 2.237342286318023241e+02 9.925789187420860360e-01 9.520605473693716236e-01
3.074210925946777451e+01 2.730000000000000000e+02 4.000000000000000000e+00 1.638000000000000000e+03 3.550000000000000000e+01 3.550000000000000000e+02 4.436964044231942239e+01 3.461574705342950438e+02 1.249849026544209041e+00 9.750914662937888444e-01
6.148421851893554901e+01 2.730000000000000000e+02 4.000000000000000000e+00 1.638000000000000000e+03 7.100000000000000000e+01 3.550000000000000000e+02 6.983101398657470327e+01 3.514344736240560678e+02 9.835354082616155624e-01 9.899562637297354417e-01
3.343829542469855909e+01 2.730000000000000000e+02 4.000000000000000000e+00 1.638000000000000000e+03 4.200000000000000000e+01 4.200000000000000000e+02 5.207481774805371089e+01 4.038972776837015886e+02 1.239876613048897847e+00 9.616601849611942088e-01
6.687659084939711818e+01 2.730000000000000000e+02 4.000000000000000000e+00 1.638000000000000000e+03 8.400000000000000000e+01 4.200000000000000000e+02 8.245001099640823838e+01 4.065275085540242799e+02 9.815477499572409226e-01 9.679226394143435330e-01
4.285919706343801039e+01 2.730000000000000000e+02 4.000000000000000000e+00 1.638000000000000000e+03 6.900000000000000000e+01 6.900000000000000000e+02 8.254337407148138084e+01 6.480861988927679249e+02 1.196280783644657619e+00 9.392553607141563843e-01
6.211477835280869897e+01 2.730000000000000000e+02 4.000000000000000000e+00 1.638000000000000000e+03 1.000000000000000000e+02 6.900000000000000000e+02 1.057101477274751318e+02 6.557647609175209027e+02 1.057101477274751344e+00 9.503837114746679360e-01
2.684508711516770418e+01 2.190999999999999943e+02 3.000000000000000000e+00 1.314599999999999909e+03 2.350000000000000000e+01 2.350000000000000000e+02 2.919488894658880085e+01 2.270331675211997435e+02 1.242335699854842490e+00 9.660985851965946392e-01
5.369017423033540837e+01 2.190999999999999943e+02 3.000000000000000000e+00 1.314599999999999909e+03 4.700000000000000000e+01 2.350000000000000000e+02 4.564732022462326455e+01 2.230393011183109024e+02 9.712195792473035105e-01 9.491034090140889612e-01
3.299476678611223690e+01 2.190999999999999943e+02 3.000000000000000000e+00 1.314599999999999909e+03 3.550000000000000000e+01 3.550000000000000000e+02 4.319050228735685693e+01 3.457776695795289470e+02 1.216633867249488965e+00 9.740216044493773540e-01
6.598953357222447380e+01 2.190999999999999943e+02 3.000000000000000000e+00 1.314599999999999909e+03 7.100000000000000000e+01 3.550000000000000000e+02 6.843478851093303206e+01 3.515311971153952300e+02 9.638702607173667003e-01 9.902287242687189961e-01
3.588851857727584616e+01 2.190999999999999943e+02 3.000000000000000000e+00 1.314599999999999909e+03 4.200000000000000000e+01 4.200000000000000000e+02 5.073083396775077603e+01 4.043514310867871018e+02 1.207876999232161408e+00 9.627415025875882826e-01
7.177703715455169231e+01 2.190999999999999943e+02 3.000000000000000000e+00 1.314599999999999909e+03 8.400000000000000000e+01 4.200000000000000000e+02 8.068919516400202951e+01 4.076030649782413775e+02 9.605856567143098435e-01 9.704834880434318745e-01
4.599974581485973602e+01 2.190999999999999943e+02 3.000000000000000000e+00 1.314599999999999909e+03 6.900000000000000000e+01 6.900000000000000000e+02 8.042310222793386743e+01 6.515310054563012727e+02 1.165552206201940111e+00 9.442478339946395183e-01
6.666629828240540689e+01 2.190999999999999943e+02 3.000000000000000000e+00 1.314599999999999909e+03 1.000000000000000000e+02 6.900000000000000000e+02 1.030621320966482557e+02 6.571513742228023602e+02 1.030621320966482513e+00 9.523932959750759375e-01
