4.330497395199783384e+00 1.778000000000000114e+02 1.250000000000000000e+01 1.066799999999999955e+03 2.350000000000000000e+01 2.350000000000000000e+02 4.666477846605541657e+01 2.479672107607549094e+02 1.985735253874698625e+00 1.055179620258531514e+00
8.660994790399566767e+00 1.778000000000000114e+02 1.250000000000000000e+01 1.066799999999999955e+03 4.700000000000000000e+01 2.350000000000000000e+02 7.378778109596146351e+01 2.482090499465422511e+02 1.569952789275775862e+00 1.056208723176775610e+00
5.322528886179431318e+00 1.778000000000000114e+02 1.250000000000000000e+01 1.066799999999999955e+03 3.550000000000000000e+01 3.550000000000000000e+02 6.568069048058872283e+01 3.712829210987097781e+02 1.850160295227851304e+00 1.045867383376647197e+00
1.064505777235886264e+01 1.778000000000000114e+02 1.250000000000000000e+01 1.066799999999999955e+03 7.100000000000000000e+01 3.550000000000000000e+02 1.095808941199379092e+02 3.723667124700493787e+02 1.543392874928702918e+00 1.048920316817040455e+00
5.789332534095639637e+00 1.778000000000000114e+02 1.250000000000000000e+01 1.066799999999999955e+03 4.200000000000000000e+01 4.200000000000000000e+02 7.693827437155078997e+01 4.459628518910886896e+02 1.831863675513114131e+00 1.061816314026401642e+00
1.157866506819127927e+01 1.778000000000000114e+02 1.250000000000000000e+01 1.066799999999999955e+03 8.400000000000000000e+01 4.200000000000000000e+02 1.275921787768022853e+02 4.483007825031064044e+02 1.518954509247646190e+00 1.067382815483586711e+00
7.420418439191857729e+00 1.778000000000000114e+02 1.250000000000000000e+01 1.066799999999999955e+03 6.900000000000000000e+01 6.900000000000000000e+02 1.132653603377843865e+02 7.193431219535509626e+02 1.641526961417165031e+00 1.042526263700798594e+00
1.075422962201718491e+01 1.778000000000000114e+02 1.250000000000000000e+01 1.066799999999999955e+03 1.000000000000000000e+02 6.900000000000000000e+02 1.476399456427163841e+02 7.216413742693462154e+02 1.476399456427163859e+00 1.045857064158472793e+00
6.657600888251725912e+00 1.015999999999999943e+02 5.000000000000000000e+00 6.096000000000000227e+02 2.350000000000000000e+01 2.350000000000000000e+02 4.347187842179761219e+01 2.482642247523156698e+02 1.849867166885004854e+00 1.056443509584322094e+00
1.331520177650345182e+01 1.015999999999999943e+02 5.000000000000000000e+00 6.096000000000000227e+02 4.700000000000000000e+01 2.350000000000000000e+02 7.118813216110714848e+01 2.482910278560485438e+02 1.514641109810790365e+00 1.056557565344887317e+00
8.182725864158816975e+00 1.015999999999999943e+02 5.000000000000000000e+00 6.096000000000000227e+02 3.550000000000000000e+01 3.550000000000000000e+02 6.189703988218657571e+01 3.718000675421214396e+02 1.743578588230607851e+00 1.047324133921468947e+00
1.636545172831763395e+01 1.015999999999999943e+02 5.000000000000000000e+00 6.096000000000000227e+02 7.100000000000000000e+01 3.550000000000000000e+02 1.022274818575528883e+02 3.730534467368279934e+02 1.439823688134547641e+00 1.050854779540360440e+00
8.900378387042442441e+00 1.015999999999999943e+02 5.000000000000000000e+00 6.096000000000000227e+02 4.200000000000000000e+01 4.200000000000000000e+02 7.036075661739006648e+01 4.462485598946443588e+02 1.675256109937858673e+00 1.062496571177724558e+00
1.780075677408488488e+01 1.015999999999999943e+02 5.000000000000000000e+00 6.096000000000000227e+02 8.400000000000000000e+01 4.200000000000000000e+02 1.180846832227791054e+02 4.507636929560117665e+02 1.405770038366418007e+00 1.073246887990504161e+00
1.140797000518321980e+01 1.015999999999999943e+02 5.000000000000000000e+00 6.096000000000000227e+02 6.900000000000000000e+01 6.900000000000000000e+02 1.044123046604743195e+02 7.206779653613195933e+02 1.513221806673540781e+00 1.044460819364231297e+00
1.653328986258437894e+01 1.015999999999999943e+02 5.000000000000000000e+00 6.096000000000000227e+02 1.000000000000000000e+02 6.900000000000000000e+02 1.403446567766267776e+02 7.234960894274604470e+02 1.403446567766267750e+00 1.048545057141247128e+00
9.327370620340570184e+00 2.730000000000000000e+02 1.000000000000000000e+01 1.638000000000000000e+03 2.350000000000000000e+01 2.350000000000000000e+02 4.034959638126235149e+01 2.491901098547139384e+02 1.717004101330312782e+00 1.060383446190272139e+00
1.865474124068114037e+01 2.730000000000000000e+02 1.000000000000000000e+01 1.638000000000000000e+03 4.700000000000000000e+01 2.350000000000000000e+02 6.853770360412106299e+01 2.489489695183312961e+02 1.458249012853639615e+00 1.059357317099282048e+00
1.146408715402857403e+01 2.730000000000000000e+02 1.000000000000000000e+01 1.638000000000000000e+03 3.550000000000000000e+01 3.550000000000000000e+02 5.720218657489642311e+01 3.717445882722045098e+02 1.611329199292856895e+00 1.047167854287899935e+00
2.292817430805714807e+01 2.730000000000000000e+02 1.000000000000000000e+01 1.638000000000000000e+03 7.100000000000000000e+01 3.550000000000000000e+02 1.009255641355084521e+02 3.746971629097675418e+02 1.421486818809978292e+00 1.055484965943007225e+00
1.246952607563323312e+01 2.730000000000000000e+02 1.000000000000000000e+01 1.638000000000000000e+03 4.200000000000000000e+01 4.200000000000000000e+02 6.605091103377621664e+01 4.477590525719493826e+02 1.572640738899433677e+00 1.066092982314165161e+00
2.493905215126646624e+01 2.730000000000000000e+02 1.000000000000000000e+01 1.638000000000000000e+03 8.400000000000000000e+01 4.200000000000000000e+02 1.170898097228464394e+02 4.512284079552639469e+02 1.393926306224362310e+00 1.074353352274437956e+00
1.598268896710847464e+01 2.730000000000000000e+02 1.000000000000000000e+01 1.638000000000000000e+03 6.900000000000000000e+01 6.900000000000000000e+02 9.965770785345551985e+01 7.232595476131342593e+02 1.444314606571819093e+00 1.048202242917585902e+00
2.316331734363546957e+01 2.730000000000000000e+02 1.000000000000000000e+01 1.638000000000000000e+03 1.000000000000000000e+02 6.900000000000000000e+02 1.337668086346492373e+02 7.264835890428009861e+02 1.337668086346492480e+00 1.052874766728697065e+00
1.160497646920110881e+01 1.330000000000000000e+02 4.000000000000000000e+00 7.980000000000000000e+02 2.350000000000000000e+01 2.350000000000000000e+02 3.853961581867775266e+01 2.497195700837448840e+02 1.639983651858627711e+00 1.062636468441467530e+00
2.320995293840221763e+01 1.330000000000000000e+02 4.000000000000000000e+00 7.980000000000000000e+02 4.700000000000000000e+01 2.350000000000000000e+02 6.365626829972970313e+01 2.503480231869899626e+02 1.354388687228291532e+00 1.065310736965914717e+00
1.426344755436710798e+01 1.330000000000000000e+02 4.000000000000000000e+00 7.980000000000000000e+02 3.550000000000000000e+01 3.550000000000000000e+02 5.584268049536540701e+01 3.732026067189065088e+02 1.573033253390574870e+00 1.051274948503962081e+00
2.852689510873421597e+01 1.330000000000000000e+02 4.000000000000000000e+00 7.980000000000000000e+02 7.100000000000000000e+01 3.550000000000000000e+02 9.369172053070354877e+01 3.767832653123394380e+02 1.319601697615542912e+00 1.061361310738984320e+00
1.551439977888747812e+01 1.330000000000000000e+02 4.000000000000000000e+00 7.980000000000000000e+02 4.200000000000000000e+01 4.200000000000000000e+02 6.484577743426811480e+01 4.488738659867672709e+02 1.543947081768288543e+00 1.068747299968493492e+00
3.102879955777495624e+01 1.330000000000000000e+02 4.000000000000000000e+00 7.980000000000000000e+02 8.400000000000000000e+01 4.200000000000000000e+02 1.102596007081342151e+02 4.541025210968400643e+02 1.312614294144454963e+00 1.081196478802000094e+00
1.988542504930308041e+01 1.330000000000000000e+02 4.000000000000000000e+00 7.980000000000000000e+02 6.900000000000000000e+01 6.900000000000000000e+02 9.829180563374957558e+01 7.238650666663138509e+02 1.424518922228254825e+00 1.049079806762773792e+00
2.881945659319287145e+01 1.330000000000000000e+02 4.000000000000000000e+00 7.980000000000000000e+02 1.000000000000000000e+02 6.900000000000000000e+02 1.368837328502653747e+02 7.254468568054064690e+02 1.368837328502653827e+00 1.051372256239719416e+00
1.443492492477201772e+01 1.015999999999999943e+02 2.500000000000000000e+00 6.096000000000000227e+02 2.350000000000000000e+01 2.350000000000000000e+02 3.731873160074860607e+01 2.504964097037936313e+02 1.588031131946749275e+00 1.065942168952313418e+00
2.886984984954403544e+01 1.015999999999999943e+02 2.500000000000000000e+00 6.096000000000000227e+02 4.700000000000000000e+01 2.350000000000000000e+02 5.969607717831028992e+01 2.504558019667904318e+02 1.270129301666176325e+00 1.065769370071448563e+00
1.774168135214546638e+01 1.015999999999999943e+02 2.500000000000000000e+00 6.096000000000000227e+02 3.550000000000000000e+01 3.550000000000000000e+02 5.411827660072094659e+01 3.738435997794150580e+02 1.524458495794956292e+00 1.053080562758915706e+00
3.548336270429093275e+01 1.015999999999999943e+02 2.500000000000000000e+00 6.096000000000000227e+02 7.100000000000000000e+01 3.550000000000000000e+02 8.895577503165964117e+01 3.774998964018281526e+02 1.252898239882530129e+00 1.063379989864304598e+00
1.929768635511564057e+01 1.015999999999999943e+02 2.500000000000000000e+00 6.096000000000000227e+02 4.200000000000000000e+01 4.200000000000000000e+02 6.352879357772300750e+01 4.494121165907162663e+02 1.512590323279119131e+00 1.070028849025514983e+00
3.859537271023128113e+01 1.015999999999999943e+02 2.500000000000000000e+00 6.096000000000000227e+02 8.400000000000000000e+01 4.200000000000000000e+02 1.044731658381515871e+02 4.514350503574136155e+02 1.243728164739899889e+00 1.074845357993841954e+00
2.473461436528282320e+01 1.015999999999999943e+02 2.500000000000000000e+00 6.096000000000000227e+02 6.900000000000000000e+01 6.900000000000000000e+02 9.698383006725130429e+01 7.249256251076591298e+02 1.405562754597845077e+00 1.050616847982114743e+00
3.584726719606206302e+01 1.015999999999999943e+02 2.500000000000000000e+00 6.096000000000000227e+02 1.000000000000000000e+02 6.900000000000000000e+02 1.348002558727782514e+02 7.280940091111042420e+02 1.348002558727782407e+00 1.055208708856672839e+00
1.629642877052321737e+01 2.730000000000000000e+02 6.000000000000000000e+00 1.638000000000000000e+03 2.350000000000000000e+01 2.350000000000000000e+02 3.590619772964272727e+01 2.503667277598925693e+02 1.527923307644371453e+00 1.065390330893159820e+00
3.259285754104643473e+01 2.730000000000000000e+02 6.000000000000000000e+00 1.638000000000000000e+03 4.700000000000000000e+01 2.350000000000000000e+02 5.791474772367596557e+01 2.504195330517412117e+02 1.232228674971828974e+00 1.065615034262728633e+00
2.002961899222520969e+01 2.730000000000000000e+02 6.000000000000000000e+00 1.638000000000000000e+03 3.550000000000000000e+01 3.550000000000000000e+02 5.384421095073442132e+01 3.739260861209216387e+02 1.516738336640406137e+00 1.053312918650483487e+00
4.005923798445041939e+01 2.730000000000000000e+02 6.000000000000000000e+00 1.638000000000000000e+03 7.100000000000000000e+01 3.550000000000000000e+02 8.451186786129454731e+01 3.701530643543754309e+02 1.190307998046401972e+00 1.042684688322184305e+00
2.178628380549105970e+01 2.730000000000000000e+02 6.000000000000000000e+00 1.638000000000000000e+03 4.200000000000000000e+01 4.200000000000000000e+02 6.226500534365584372e+01 4.502748194261512253e+02 1.482500127229900988e+00 1.072082903395598086e+00
4.357256761098211939e+01 2.730000000000000000e+02 6.000000000000000000e+00 1.638000000000000000e+03 8.400000000000000000e+01 4.200000000000000000e+02 1.003724369062590824e+02 4.502170278929734195e+02 1.194909963169751066e+00 1.071945304507079477e+00
2.792434898490184736e+01 2.730000000000000000e+02 6.000000000000000000e+00 1.638000000000000000e+03 6.900000000000000000e+01 6.900000000000000000e+02 9.653185408327532002e+01 7.254399483107376909e+02 1.399012378018482883e+00 1.051362243928605444e+00
4.047007099261136887e+01 2.730000000000000000e+02 6.000000000000000000e+00 1.638000000000000000e+03 1.000000000000000000e+02 6.900000000000000000e+02 1.298567881500260910e+02 7.288107024105777327e+02 1.298567881500260812e+00 1.056247394797938721e+00
1.759884279231388859e+01 2.445000000000000000e+02 5.000000000000000000e+00 1.467000000000000000e+03 2.350000000000000000e+01 2.350000000000000000e+02 3.519644074901552955e+01 2.514567216986057190e+02 1.497720882936831144e+00 1.070028602972790344e+00
3.519768558462777719e+01 2.445000000000000000e+02 5.000000000000000000e+00 1.467000000000000000e+03 4.700000000000000000e+01 2.350000000000000000e+02 5.616482959538168984e+01 2.509080253983299258e+02 1.194996374369823089e+00 1.067693725099276181e+00
2.163039036329912435e+01 2.445000000000000000e+02 5.000000000000000000e+00 1.467000000000000000e+03 3.550000000000000000e+01 3.550000000000000000e+02 5.140564094444079046e+01 3.750435498693017280e+02 1.448046223787064601e+00 1.056460703857188044e+00
4.326078072659824869e+01 2.445000000000000000e+02 5.000000000000000000e+00 1.467000000000000000e+03 7.100000000000000000e+01 3.550000000000000000e+02 8.373821451771333102e+01 3.697410212962037122e+02 1.179411472080469370e+00 1.041524003651278063e+00
2.352744819865592873e+01 2.445000000000000000e+02 5.000000000000000000e+00 1.467000000000000000e+03 4.200000000000000000e+01 4.200000000000000000e+02 6.228999146530546938e+01 4.506692064690037114e+02 1.483095034888225472e+00 1.073021920164294540e+00
4.705489639731185747e+01 2.445000000000000000e+02 5.000000000000000000e+00 1.467000000000000000e+03 8.400000000000000000e+01 4.200000000000000000e+02 9.701255718832022978e+01 4.491371274118691872e+02 1.154911395099050386e+00 1.069374112885402850e+00
3.015606884079421235e+01 2.445000000000000000e+02 5.000000000000000000e+00 1.467000000000000000e+03 6.900000000000000000e+01 6.900000000000000000e+02 9.578870009757169157e+01 7.269086371339559491e+02 1.388242030399589710e+00 1.053490778455008714e+00
4.370444759535393331e+01 2.445000000000000000e+02 5.000000000000000000e+00 1.467000000000000000e+03 1.000000000000000000e+02 6.900000000000000000e+02 1.267593721943595284e+02 7.295561546154508505e+02 1.267593721943595320e+00 1.057327760312247511e+00
1.984951979738589145e+01 2.190999999999999943e+02 4.000000000000000000e+00 1.314599999999999909e+03 2.350000000000000000e+01 2.350000000000000000e+02 3.486249469353365527e+01 2.510722131324353370e+02 1.483510412490793851e+00 1.068392396308235570e+00
3.969903959477178290e+01 2.190999999999999943e+02 4.000000000000000000e+00 1.314599999999999909e+03 4.700000000000000000e+01 2.350000000000000000e+02 5.414677425342399175e+01 2.522589951218822648e+02 1.152059026668595498e+00 1.073442532433541485e+00
2.439665305317724986e+01 2.190999999999999943e+02 4.000000000000000000e+00 1.314599999999999909e+03 3.550000000000000000e+01 3.550000000000000000e+02 5.157536697759711330e+01 3.754256084377232128e+02 1.452827238805552534e+00 1.057536925176685072e+00
4.879330610635449972e+01 2.190999999999999943e+02 4.000000000000000000e+00 1.314599999999999909e+03 7.100000000000000000e+01 3.550000000000000000e+02 7.975203230696403978e+01 3.704442962869092071e+02 1.123268060661465340e+00 1.043505059963124593e+00
2.653632141115285137e+01 2.190999999999999943e+02 4.000000000000000000e+00 1.314599999999999909e+03 4.200000000000000000e+01 4.200000000000000000e+02 5.993561337373719056e+01 4.496876736664529517e+02 1.427038413660409288e+00 1.070684937301078499e+00
5.307264282230570274e+01 2.190999999999999943e+02 4.000000000000000000e+00 1.314599999999999909e+03 8.400000000000000000e+01 4.200000000000000000e+02 9.437954286452811914e+01 4.445992519161201244e+02 1.123565986482477630e+00 1.058569647419333570e+00
3.401266165796434393e+01 2.190999999999999943e+02 4.000000000000000000e+00 1.314599999999999909e+03 6.900000000000000000e+01 6.900000000000000000e+02 9.482636950932757713e+01 7.278193765287867336e+02 1.374295210280109814e+00 1.054810690621430069e+00
4.929371254777441180e+01 2.190999999999999943e+02 4.000000000000000000e+00 1.314599999999999909e+03 1.000000000000000000e+02 6.900000000000000000e+02 1.227616294813221742e+02 7.289808509405235100e+02 1.227616294813221653e+00 1.056493986870324031e+00
2.228235853183522153e+01 2.445000000000000000e+02 4.000000000000000000e+00 1.467000000000000000e+03 2.350000000000000000e+01 2.350000000000000000e+02 3.347536287117660692e+01 2.516014909211957900e+02 1.424483526433047098e+00 1.070644642217854381e+00
4.456471706367044305e+01 2.445000000000000000e+02 4.000000000000000000e+00 1.467000000000000000e+03 4.700000000000000000e+01 2.350000000000000000e+02 5.353637965158031164e+01 2.482334324870189448e+02 1.139071907480432078e+00 1.056312478668165689e+00
2.738680712967574493e+01 2.445000000000000000e+02 4.000000000000000000e+00 1.467000000000000000e+03 3.550000000000000000e+01 3.550000000000000000e+02 4.932375525470093436e+01 3.748508935020917079e+02 1.389401556470448940e+00 1.055918009865047136e+00
5.477361425935148986e+01 2.445000000000000000e+02 4.000000000000000000e+00 1.467000000000000000e+03 7.100000000000000000e+01 3.550000000000000000e+02 7.924487824712578288e+01 3.713123781284195388e+02 1.116125045734166044e+00 1.045950360925125500e+00
2.978872203634841398e+01 2.445000000000000000e+02 4.000000000000000000e+00 1.467000000000000000e+03 4.200000000000000000e+01 4.200000000000000000e+02 5.756999629861655876e+01 4.504723426772273456e+02 1.370714197586108574e+00 1.072553196850541291e+00
5.957744407269682796e+01 2.445000000000000000e+02 4.000000000000000000e+00 1.467000000000000000e+03 8.400000000000000000e+01 4.200000000000000000e+02 9.266427813846570416e+01 4.445822832467202943e+02 1.103146168315067843e+00 1.058529245825524434e+00
3.818139327403661554e+01 2.445000000000000000e+02 4.000000000000000000e+00 1.467000000000000000e+03 6.900000000000000000e+01 6.900000000000000000e+02 9.224967991396792399e+01 7.283460621686361947e+02 1.336951882811129311e+00 1.055574003142951023e+00
5.533535257106755978e+01 2.445000000000000000e+02 4.000000000000000000e+00 1.467000000000000000e+03 1.000000000000000000e+02 6.900000000000000000e+02 1.204313277240289324e+02 7.244781721584300840e+02 1.204313277240289359e+00 1.049968365447000229e+00
2.501228775230443446e+01 2.730000000000000000e+02 4.000000000000000000e+00 1.638000000000000000e+03 2.350000000000000000e+01 2.350000000000000000e+02 3.176335679606382811e+01 2.519746308031289459e+02 1.351632204087822364e+00 1.072232471502676310e+00
5.002457550460886893e+01 2.730000000000000000e+02 4.000000000000000000e+00 1.638000000000000000e+03 4.700000000000000000e+01 2.350000000000000000e+02 5.264232374211346155e+01 2.484581330672486104e+02 1.120049441321562922e+00 1.057268651349994038e+00
3.074210925946777451e+01 2.730000000000000000e+02 4.000000000000000000e+00 1.638000000000000000e+03 3.550000000000000000e+01 3.550000000000000000e+02 4.729178256656847168e+01 3.754859522254736817e+02 1.332162889199111966e+00 1.057706907677390618e+00
6.148421851893554901e+01 2.730000000000000000e+02 4.000000000000000000e+00 1.638000000000000000e+03 7.100000000000000000e+01 3.550000000000000000e+02 7.895370456328841158e+01 3.705987071959178252e+02 1.112024007933639647e+00 1.043940020270190949e+00
3.343829542469855909e+01 2.730000000000000000e+02 4.000000000000000000e+00 1.638000000000000000e+03 4.200000000000000000e+01 4.200000000000000000e+02 5.568418515954463288e+01 4.504828081249420393e+02 1.325813932370110360e+00 1.072578114583195408e+00
6.687659084939711818e+01 2.730000000000000000e+02 4.000000000000000000e+00 1.638000000000000000e+03 8.400000000000000000e+01 4.200000000000000000e+02 9.347380138903822910e+01 4.433704934317461266e+02 1.112783349869502780e+00 1.055644031980347952e+00
4.285919706343801039e+01 2.730000000000000000e+02 4.000000000000000000e+00 1.638000000000000000e+03 6.900000000000000000e+01 6.900000000000000000e+02 9.056989159517125643e+01 7.285012834940463335e+02 1.312607124567699346e+00 1.055798961585574292e+00
6.211477835280869897e+01 2.730000000000000000e+02 4.000000000000000000e+00 1.638000000000000000e+03 1.000000000000000000e+02 6.900000000000000000e+02 1.180387226153053888e+02 7.234622194877787251e+02 1.180387226153053915e+00 1.048495970272143030e+00
2.684508711516770418e+01 2.190999999999999943e+02 3.000000000000000000e+00 1.314599999999999909e+03 2.350000000000000000e+01 2.350000000000000000e+02 3.117052941579069980e+01 2.523053137277829592e+02 1.326405507054923438e+00 1.073639632884182848e+00
5.369017423033540837e+01 2.190999999999999943e+02 3.000000000000000000e+00 1.314599999999999909e+03 4.700000000000000000e+01 2.350000000000000000e+02 5.209002853224919249e+01 2.484870481679963348e+02 1.108298479409557391e+00 1.057391694331899279e+00
3.299476678611223690e+01 2.190999999999999943e+02 3.000000000000000000e+00 1.314599999999999909e+03 3.550000000000000000e+01 3.550000000000000000e+02 4.661934187840272159e+01 3.759808605987927876e+02 1.313220897983175206e+00 1.059101015771247267e+00
6.598953357222447380e+01 2.190999999999999943e+02 3.000000000000000000e+00 1.314599999999999909e+03 7.100000000000000000e+01 3.550000000000000000e+02 7.876911348892777198e+01 3.708509966666352398e+02 1.109424133646869981e+00 1.044650694835592253e+00
3.588851857727584616e+01 2.190999999999999943e+02 3.000000000000000000e+00 1.314599999999999909e+03 4.200000000000000000e+01 4.200000000000000000e+02 5.498200561990421420e+01 4.506820650686872227e+02 1.309095371902481375e+00 1.073052535877826674e+00
7.177703715455169231e+01 2.190999999999999943e+02 3.000000000000000000e+00 1.314599999999999909e+03 8.400000000000000000e+01 4.200000000000000000e+02 9.356453839181554599e+01 4.449426925044218706e+02 1.113863552283518299e+00 1.059387363105766422e+00
4.599974581485973602e+01 2.190999999999999943e+02 3.000000000000000000e+00 1.314599999999999909e+03 6.900000000000000000e+01 6.900000000000000000e+02 9.061206612815716710e+01 7.292058576576337146e+02 1.313218349683437314e+00 1.056820083561788026e+00
6.666629828240540689e+01 2.190999999999999943e+02 3.000000000000000000e+00 1.314599999999999909e+03 1.000000000000000000e+02 6.900000000000000000e+02 1.179623955178225714e+02 7.205678824173456860e+02 1.179623955178225714e+00 1.044301278865718441e+00
