1.778000000000000114e+02 1.250000000000000000e+01 1.066799999999999955e+03 2.350000000000000000e+01 2.350000000000000000e+02 4.879978119068755404e+01 2.569321707881201178e+02 2.076586433646278707e+00 1.093328386332426128e+00
1.778000000000000114e+02 1.250000000000000000e+01 1.066799999999999955e+03 4.700000000000000000e+01 2.350000000000000000e+02 7.623895642440737674e+01 2.583015535615058411e+02 1.622105455838454890e+00 1.099155547070237660e+00
1.778000000000000114e+02 1.250000000000000000e+01 1.066799999999999955e+03 3.550000000000000000e+01 3.550000000000000000e+02 7.140822914224492024e+01 3.785572014608872564e+02 2.011499412457603331e+00 1.066358313974330230e+00
1.778000000000000114e+02 1.250000000000000000e+01 1.066799999999999955e+03 7.100000000000000000e+01 3.550000000000000000e+02 1.103833971595614685e+02 3.805315441728523069e+02 1.554695734641710736e+00 1.071919842740429063e+00
1.778000000000000114e+02 1.250000000000000000e+01 1.066799999999999955e+03 4.200000000000000000e+01 4.200000000000000000e+02 8.221893978002782433e+01 4.431959196179092828e+02 1.957593804286376749e+00 1.055228380042641190e+00
1.778000000000000114e+02 1.250000000000000000e+01 1.066799999999999955e+03 8.400000000000000000e+01 4.200000000000000000e+02 1.329057120118971511e+02 4.453427558867399512e+02 1.582210857284489958e+00 1.060339894968428398e+00
1.778000000000000114e+02 1.250000000000000000e+01 1.066799999999999955e+03 6.900000000000000000e+01 6.900000000000000000e+02 1.239451255178655344e+02 7.159661240629544636e+02 1.796306166925587533e+00 1.037632063859354359e+00
1.778000000000000114e+02 1.250000000000000000e+01 1.066799999999999955e+03 1.000000000000000000e+02 6.900000000000000000e+02 1.598457568845526282e+02 7.193454903146048309e+02 1.598457568845526255e+00 1.042529696108122961e+00
1.015999999999999943e+02 5.000000000000000000e+00 6.096000000000000227e+02 2.350000000000000000e+01 2.350000000000000000e+02 4.609005287727111266e+01 2.563186427428282173e+02 1.961278845841323948e+00 1.090717628692886132e+00
1.015999999999999943e+02 5.000000000000000000e+00 6.096000000000000227e+02 4.700000000000000000e+01 2.350000000000000000e+02 7.426746511998783262e+01 2.582712110061083877e+02 1.580158832340166741e+00 1.099026429813227290e+00
1.015999999999999943e+02 5.000000000000000000e+00 6.096000000000000227e+02 3.550000000000000000e+01 3.550000000000000000e+02 6.413553811983346975e+01 3.773417086683322168e+02 1.806634876615027308e+00 1.062934390615020375e+00
1.015999999999999943e+02 5.000000000000000000e+00 6.096000000000000227e+02 7.100000000000000000e+01 3.550000000000000000e+02 1.059510267866996145e+02 3.817294081730069593e+02 1.492267982911262170e+00 1.075294107529596976e+00
1.015999999999999943e+02 5.000000000000000000e+00 6.096000000000000227e+02 4.200000000000000000e+01 4.200000000000000000e+02 7.332144461593027529e+01 4.436362298211426491e+02 1.745748681331673158e+00 1.056276737669387344e+00
1.015999999999999943e+02 5.000000000000000000e+00 6.096000000000000227e+02 8.400000000000000000e+01 4.200000000000000000e+02 1.224703310856891960e+02 4.473576168857156858e+02 1.457980131972490323e+00 1.065137183061227732e+00
1.015999999999999943e+02 5.000000000000000000e+00 6.096000000000000227e+02 6.900000000000000000e+01 6.900000000000000000e+02 1.112113726961803621e+02 7.097182157045757549e+02 1.611759024582324118e+00 1.028577124209530069e+00
1.015999999999999943e+02 5.000000000000000000e+00 6.096000000000000227e+02 1.000000000000000000e+02 6.900000000000000000e+02 1.489708157460886753e+02 7.120080254561415813e+02 1.489708157460886806e+00 1.031895689066871791e+00
2.730000000000000000e+02 1.000000000000000000e+01 1.638000000000000000e+03 2.350000000000000000e+01 2.350000000000000000e+02 4.032548895910653641e+01 2.567227592631343782e+02 1.715978253579001578e+00 1.092437273460146185e+00
2.730000000000000000e+02 1.000000000000000000e+01 1.638000000000000000e+03 4.700000000000000000e+01 2.350000000000000000e+02 6.562721453090885859e+01 2.589003435199232968e+02 1.396323713423592627e+00 1.101703589446482168e+00
2.730000000000000000e+02 1.000000000000000000e+01 1.638000000000000000e+03 3.550000000000000000e+01 3.550000000000000000e+02 5.957944950047312460e+01 3.783985134478742793e+02 1.678294352126003419e+00 1.065911305486969773e+00
2.730000000000000000e+02 1.000000000000000000e+01 1.638000000000000000e+03 7.100000000000000000e+01 3.550000000000000000e+02 9.367806937126479738e+01 3.820064855084451096e+02 1.319409427764292930e+00 1.076074607066042521e+00
2.730000000000000000e+02 1.000000000000000000e+01 1.638000000000000000e+03 4.200000000000000000e+01 4.200000000000000000e+02 6.923671546037763846e+01 4.439392891510304935e+02 1.648493225247086524e+00 1.056998307502453605e+00
2.730000000000000000e+02 1.000000000000000000e+01 1.638000000000000000e+03 8.400000000000000000e+01 4.200000000000000000e+02 1.112705243257219507e+02 4.480173846237868815e+02 1.324649099115737583e+00 1.066708058628063949e+00
2.730000000000000000e+02 1.000000000000000000e+01 1.638000000000000000e+03 6.900000000000000000e+01 6.900000000000000000e+02 1.005955841604202732e+02 7.190749582613603934e+02 1.457907016817685086e+00 1.042137620668638354e+00
2.730000000000000000e+02 1.000000000000000000e+01 1.638000000000000000e+03 1.000000000000000000e+02 6.900000000000000000e+02 1.380785836219138218e+02 7.218248076252875762e+02 1.380785836219138307e+00 1.046122909601866047e+00
1.330000000000000000e+02 4.000000000000000000e+00 7.980000000000000000e+02 2.350000000000000000e+01 2.350000000000000000e+02 3.854682233657700863e+01 2.583650956027202028e+02 1.640290312194766287e+00 1.099425938734979624e+00
1.330000000000000000e+02 4.000000000000000000e+00 7.980000000000000000e+02 4.700000000000000000e+01 2.350000000000000000e+02 6.358930217931705897e+01 2.607579554688461485e+02 1.352963876155682144e+00 1.109608321144026188e+00
1.330000000000000000e+02 4.000000000000000000e+00 7.980000000000000000e+02 3.550000000000000000e+01 3.550000000000000000e+02 5.510297130808908150e+01 3.795386167935137109e+02 1.552196374875748797e+00 1.069122864207080914e+00
1.330000000000000000e+02 4.000000000000000000e+00 7.980000000000000000e+02 7.100000000000000000e+01 3.550000000000000000e+02 9.010100442741500615e+01 3.830180467085715463e+02 1.269028231372042237e+00 1.078924075235412783e+00
1.330000000000000000e+02 4.000000000000000000e+00 7.980000000000000000e+02 4.200000000000000000e+01 4.200000000000000000e+02 6.207529071421868849e+01 4.464769077959803099e+02 1.477983112243302033e+00 1.063040256657096005e+00
1.330000000000000000e+02 4.000000000000000000e+00 7.980000000000000000e+02 8.400000000000000000e+01 4.200000000000000000e+02 1.058972935285045196e+02 4.490870467936729256e+02 1.260682065815529995e+00 1.069254873318268961e+00
1.330000000000000000e+02 4.000000000000000000e+00 7.980000000000000000e+02 6.900000000000000000e+01 6.900000000000000000e+02 1.002885831492204289e+02 7.188066685532857036e+02 1.453457726800296168e+00 1.041748795004761918e+00
1.330000000000000000e+02 4.000000000000000000e+00 7.980000000000000000e+02 1.000000000000000000e+02 6.900000000000000000e+02 1.333788191848089468e+02 7.228165000388207773e+02 1.333788191848089388e+00 1.047560144983798125e+00
1.015999999999999943e+02 2.500000000000000000e+00 6.096000000000000227e+02 2.350000000000000000e+01 2.350000000000000000e+02 3.669122721124410447e+01 2.583165553782789061e+02 1.561328817499749055e+00 1.099219384588420834e+00
1.015999999999999943e+02 2.500000000000000000e+00 6.096000000000000227e+02 4.700000000000000000e+01 2.350000000000000000e+02 5.969690802136415186e+01 2.613159428575741003e+02 1.270146979177960711e+00 1.111982735564145175e+00
1.015999999999999943e+02 2.500000000000000000e+00 6.096000000000000227e+02 3.550000000000000000e+01 3.550000000000000000e+02 5.281618858807497219e+01 3.804438600010273603e+02 1.487779960227463949e+00 1.071672845073316616e+00
1.015999999999999943e+02 2.500000000000000000e+00 6.096000000000000227e+02 7.100000000000000000e+01 3.550000000000000000e+02 8.821208004140747505e+01 3.854265732619002733e+02 1.242423662555034891e+00 1.085708657075775463e+00
1.015999999999999943e+02 2.500000000000000000e+00 6.096000000000000227e+02 4.200000000000000000e+01 4.200000000000000000e+02 6.241859298462375705e+01 4.459996767842565646e+02 1.486156975824375115e+00 1.061903992343468106e+00
1.015999999999999943e+02 2.500000000000000000e+00 6.096000000000000227e+02 8.400000000000000000e+01 4.200000000000000000e+02 1.044731701179209438e+02 4.475617312804424728e+02 1.243728215689535066e+00 1.065623169715339325e+00
1.015999999999999943e+02 2.500000000000000000e+00 6.096000000000000227e+02 6.900000000000000000e+01 6.900000000000000000e+02 9.897070691366512563e+01 7.203037833388077615e+02 1.434358071212538110e+00 1.043918526577982231e+00
1.015999999999999943e+02 2.500000000000000000e+00 6.096000000000000227e+02 1.000000000000000000e+02 6.900000000000000000e+02 1.313142959644752068e+02 7.250879716647601754e+02 1.313142959644752139e+00 1.050852132847478471e+00
2.730000000000000000e+02 6.000000000000000000e+00 1.638000000000000000e+03 2.350000000000000000e+01 2.350000000000000000e+02 3.454205989220538697e+01 2.591481793510427565e+02 1.469874889030016396e+00 1.102758210004437300e+00
2.730000000000000000e+02 6.000000000000000000e+00 1.638000000000000000e+03 4.700000000000000000e+01 2.350000000000000000e+02 5.791358362117145475e+01 2.625138042342421159e+02 1.232203906833435170e+00 1.117080018018051568e+00
2.730000000000000000e+02 6.000000000000000000e+00 1.638000000000000000e+03 3.550000000000000000e+01 3.550000000000000000e+02 5.209285364234391125e+01 3.798662451233986985e+02 1.467404327953349519e+00 1.070045760910982358e+00
2.730000000000000000e+02 6.000000000000000000e+00 1.638000000000000000e+03 7.100000000000000000e+01 3.550000000000000000e+02 8.450918884684085697e+01 3.829863031138657448e+02 1.190270265448462705e+00 1.078834656658776758e+00
2.730000000000000000e+02 6.000000000000000000e+00 1.638000000000000000e+03 4.200000000000000000e+01 4.200000000000000000e+02 6.081355602194604160e+01 4.457423450651614303e+02 1.447941810046334377e+00 1.061291297774193954e+00
2.730000000000000000e+02 6.000000000000000000e+00 1.638000000000000000e+03 8.400000000000000000e+01 4.200000000000000000e+02 1.003756723339639763e+02 4.483513875530640576e+02 1.194948480166237781e+00 1.067503303697771466e+00
2.730000000000000000e+02 6.000000000000000000e+00 1.638000000000000000e+03 6.900000000000000000e+01 6.900000000000000000e+02 9.470173403115531130e+01 7.212296521761292070e+02 1.372488899002250795e+00 1.045260365472651110e+00
2.730000000000000000e+02 6.000000000000000000e+00 1.638000000000000000e+03 1.000000000000000000e+02 6.900000000000000000e+02 1.281229915277218083e+02 7.243131387470102709e+02 1.281229915277218190e+00 1.049729186589869911e+00
2.445000000000000000e+02 5.000000000000000000e+00 1.467000000000000000e+03 2.350000000000000000e+01 2.350000000000000000e+02 3.328962662802122452e+01 2.601418206027560700e+02 1.416579856511541502e+00 1.106986470650025867e+00
2.445000000000000000e+02 5.000000000000000000e+00 1.467000000000000000e+03 4.700000000000000000e+01 2.350000000000000000e+02 5.616412837289835380e+01 2.628870581746643893e+02 1.194981454742518157e+00 1.118668332658146358e+00
2.445000000000000000e+02 5.000000000000000000e+00 1.467000000000000000e+03 3.550000000000000000e+01 3.550000000000000000e+02 4.993165005071841023e+01 3.819344501472853608e+02 1.406525353541363765e+00 1.075871690555733506e+00
2.445000000000000000e+02 5.000000000000000000e+00 1.467000000000000000e+03 7.100000000000000000e+01 3.550000000000000000e+02 8.373801612694357743e+01 3.835803920651129033e+02 1.179408677844275832e+00 1.080508146662289892e+00
2.445000000000000000e+02 5.000000000000000000e+00 1.467000000000000000e+03 4.200000000000000000e+01 4.200000000000000000e+02 5.996556850517601589e+01 4.462438329254544556e+02 1.427751631075619532e+00 1.062485316489177212e+00
2.445000000000000000e+02 5.000000000000000000e+00 1.467000000000000000e+03 8.400000000000000000e+01 4.200000000000000000e+02 9.701580019999313720e+01 4.481144505769718762e+02 1.154950002380870755e+00 1.066939168040409225e+00
2.445000000000000000e+02 5.000000000000000000e+00 1.467000000000000000e+03 6.900000000000000000e+01 6.900000000000000000e+02 9.356538316885563233e+01 7.231922696744115910e+02 1.356020045925443895e+00 1.048104738658567570e+00
2.445000000000000000e+02 5.000000000000000000e+00 1.467000000000000000e+03 1.000000000000000000e+02 6.900000000000000000e+02 1.267599043565597299e+02 7.250944327884465110e+02 1.267599043565597272e+00 1.050861496794849970e+00
2.190999999999999943e+02 4.000000000000000000e+00 1.314599999999999909e+03 2.350000000000000000e+01 2.350000000000000000e+02 3.486219982583960331e+01 2.581602846935732032e+02 1.483497864929344878e+00 1.098554402951375408e+00
2.190999999999999943e+02 4.000000000000000000e+00 1.314599999999999909e+03 4.700000000000000000e+01 2.350000000000000000e+02 5.414781616359703520e+01 2.632415550193539389e+02 1.152081194970149713e+00 1.120176829869591328e+00
2.190999999999999943e+02 4.000000000000000000e+00 1.314599999999999909e+03 3.550000000000000000e+01 3.550000000000000000e+02 5.149475451120146374e+01 3.804737998128342156e+02 1.450556465104266612e+00 1.071757182571364098e+00
2.190999999999999943e+02 4.000000000000000000e+00 1.314599999999999909e+03 7.100000000000000000e+01 3.550000000000000000e+02 7.975271689252829788e+01 3.820617604394725504e+02 1.123277702711666270e+00 1.076230311097105874e+00
2.190999999999999943e+02 4.000000000000000000e+00 1.314599999999999909e+03 4.200000000000000000e+01 4.200000000000000000e+02 5.919164000005642379e+01 4.455941125970340408e+02 1.409324761906105339e+00 1.060938363326271450e+00
2.190999999999999943e+02 4.000000000000000000e+00 1.314599999999999909e+03 8.400000000000000000e+01 4.200000000000000000e+02 9.438063614725344053e+01 4.471071053256607684e+02 1.123579001753017170e+00 1.064540726965858886e+00
2.190999999999999943e+02 4.000000000000000000e+00 1.314599999999999909e+03 6.900000000000000000e+01 6.900000000000000000e+02 9.288683400206490148e+01 7.232404098160188823e+02 1.346186000029926166e+00 1.048174506979737464e+00
2.190999999999999943e+02 4.000000000000000000e+00 1.314599999999999909e+03 1.000000000000000000e+02 6.900000000000000000e+02 1.131836424428000498e+02 7.242862611584603201e+02 1.131836424428000587e+00 1.049690233562986075e+00
2.445000000000000000e+02 4.000000000000000000e+00 1.467000000000000000e+03 2.350000000000000000e+01 2.350000000000000000e+02 3.347556161332072833e+01 2.588988270295774328e+02 1.424491983545562945e+00 1.101697136296074131e+00
2.445000000000000000e+02 4.000000000000000000e+00 1.467000000000000000e+03 4.700000000000000000e+01 2.350000000000000000e+02 5.353745564472819751e+01 2.606970043515717634e+02 1.139094800951663711e+00 1.109348954687539468e+00
2.445000000000000000e+02 4.000000000000000000e+00 1.467000000000000000e+03 3.550000000000000000e+01 3.550000000000000000e+02 4.932224770138630987e+01 3.807143859400291035e+02 1.389359090179896006e+00 1.072434889971912941e+00
2.445000000000000000e+02 4.000000000000000000e+00 1.467000000000000000e+03 7.100000000000000000e+01 3.550000000000000000e+02 7.924606717622012297e+01 3.808318485963010858e+02 1.116141791214367851e+00 1.072765770693805853e+00
2.445000000000000000e+02 4.000000000000000000e+00 1.467000000000000000e+03 4.200000000000000000e+01 4.200000000000000000e+02 5.756969342328022066e+01 4.462485167650864355e+02 1.370706986268576788e+00 1.062496468488300927e+00
2.445000000000000000e+02 4.000000000000000000e+00 1.467000000000000000e+03 8.400000000000000000e+01 4.200000000000000000e+02 9.266026227141951210e+01 4.458730123212429817e+02 1.103098360374041853e+00 1.061602410288673859e+00
2.445000000000000000e+02 4.000000000000000000e+00 1.467000000000000000e+03 6.900000000000000000e+01 6.900000000000000000e+02 9.225169148554439857e+01 7.246325816526341441e+02 1.336981036022382607e+00 1.050192147322658087e+00
2.445000000000000000e+02 4.000000000000000000e+00 1.467000000000000000e+03 1.000000000000000000e+02 6.900000000000000000e+02 1.122171735086416930e+02 7.264416540987192548e+02 1.122171735086416877e+00 1.052813991447419273e+00
2.730000000000000000e+02 4.000000000000000000e+00 1.638000000000000000e+03 2.350000000000000000e+01 2.350000000000000000e+02 3.176391639972420577e+01 2.590515638406908465e+02 1.351656017009540633e+00 1.102347080173152527e+00
2.730000000000000000e+02 4.000000000000000000e+00 1.638000000000000000e+03 4.700000000000000000e+01 2.350000000000000000e+02 5.264159268869162389e+01 2.588619949960684608e+02 1.120033886993438754e+00 1.101540404238589232e+00
2.730000000000000000e+02 4.000000000000000000e+00 1.638000000000000000e+03 3.550000000000000000e+01 3.550000000000000000e+02 4.729049613129403440e+01 3.806945231875916420e+02 1.332126651585747501e+00 1.072378938556596273e+00
2.730000000000000000e+02 4.000000000000000000e+00 1.638000000000000000e+03 7.100000000000000000e+01 3.550000000000000000e+02 7.895031185042276434e+01 3.785337126669469967e+02 1.111976223245391138e+00 1.066292148357597114e+00
2.730000000000000000e+02 4.000000000000000000e+00 1.638000000000000000e+03 4.200000000000000000e+01 4.200000000000000000e+02 5.568401262611453717e+01 4.476294616468866820e+02 1.325809824431298578e+00 1.065784432492587364e+00
2.730000000000000000e+02 4.000000000000000000e+00 1.638000000000000000e+03 8.400000000000000000e+01 4.200000000000000000e+02 9.346980689765537420e+01 4.418902345905677862e+02 1.112735796400659227e+00 1.052119606168018473e+00
2.730000000000000000e+02 4.000000000000000000e+00 1.638000000000000000e+03 6.900000000000000000e+01 6.900000000000000000e+02 8.693707989040208872e+01 7.258092020849528581e+02 1.259957679571044764e+00 1.051897394326018587e+00
2.730000000000000000e+02 4.000000000000000000e+00 1.638000000000000000e+03 1.000000000000000000e+02 6.900000000000000000e+02 1.180406539971078104e+02 7.261352304717252082e+02 1.180406539971078139e+00 1.052369899234384398e+00
2.190999999999999943e+02 3.000000000000000000e+00 1.314599999999999909e+03 2.350000000000000000e+01 2.350000000000000000e+02 3.117045679301735106e+01 2.598288939527892012e+02 1.326402416724142608e+00 1.105654867884209303e+00
2.190999999999999943e+02 3.000000000000000000e+00 1.314599999999999909e+03 4.700000000000000000e+01 2.350000000000000000e+02 5.209189299636049952e+01 2.579082610659380066e+02 1.108338148858734051e+00 1.097481961982714971e+00
2.190999999999999943e+02 3.000000000000000000e+00 1.314599999999999909e+03 3.550000000000000000e+01 3.550000000000000000e+02 4.661799380409495086e+01 3.818782259791852880e+02 1.313182924059012713e+00 1.075713312617423423e+00
2.190999999999999943e+02 3.000000000000000000e+00 1.314599999999999909e+03 7.100000000000000000e+01 3.550000000000000000e+02 7.877109727938373851e+01 3.757167180591376905e+02 1.109452074357517359e+00 1.058356952279261076e+00
2.190999999999999943e+02 3.000000000000000000e+00 1.314599999999999909e+03 4.200000000000000000e+01 4.200000000000000000e+02 5.498092096888751712e+01 4.478102146836457678e+02 1.309069546878274259e+00 1.066214796865823322e+00
2.190999999999999943e+02 3.000000000000000000e+00 1.314599999999999909e+03 8.400000000000000000e+01 4.200000000000000000e+02 9.356527568242120196e+01 4.380787231526950904e+02 1.113872329552633378e+00 1.043044578934988253e+00
2.190999999999999943e+02 3.000000000000000000e+00 1.314599999999999909e+03 6.900000000000000000e+01 6.900000000000000000e+02 8.850987328846476032e+01 7.269686884957990287e+02 1.282751786789344317e+00 1.053577809414201427e+00
2.190999999999999943e+02 3.000000000000000000e+00 1.314599999999999909e+03 1.000000000000000000e+02 6.900000000000000000e+02 1.179606846870746892e+02 7.253223540310048065e+02 1.179606846870746795e+00 1.051191817436238907e+00
