4.330497395199783384e+00 1.778000000000000114e+02 1.250000000000000000e+01 1.066799999999999955e+03 2.350000000000000000e+01 2.350000000000000000e+02 4.712948368255893428e+01 2.411917002810606050e+02 2.005509943938677875e+00 1.026347660770470682e+00
8.660994790399566767e+00 1.778000000000000114e+02 1.250000000000000000e+01 1.066799999999999955e+03 4.700000000000000000e+01 2.350000000000000000e+02 7.639142826585852220e+01 2.403506865332270763e+02 1.625349537571457947e+00 1.022768878864796172e+00
5.322528886179431318e+00 1.778000000000000114e+02 1.250000000000000000e+01 1.066799999999999955e+03 3.550000000000000000e+01 3.550000000000000000e+02 6.431596333734613324e+01 3.707451790004672603e+02 1.811717277108341850e+00 1.044352616902724629e+00
1.064505777235886264e+01 1.778000000000000114e+02 1.250000000000000000e+01 1.066799999999999955e+03 7.100000000000000000e+01 3.550000000000000000e+02 1.078515540022057451e+02 3.701653921026812100e+02 1.519035971862052747e+00 1.042719414373749931e+00
5.789332534095639637e+00 1.778000000000000114e+02 1.250000000000000000e+01 1.066799999999999955e+03 4.200000000000000000e+01 4.200000000000000000e+02 7.303192449745270665e+01 4.319792466416278671e+02 1.738855345177445333e+00 1.028522015813399637e+00
1.157866506819127927e+01 1.778000000000000114e+02 1.250000000000000000e+01 1.066799999999999955e+03 8.400000000000000000e+01 4.200000000000000000e+02 1.225626487551201791e+02 4.346746920649430876e+02 1.459079151846668809e+00 1.034939743011769275e+00
7.420418439191857729e+00 1.778000000000000114e+02 1.250000000000000000e+01 1.066799999999999955e+03 6.900000000000000000e+01 6.900000000000000000e+02 1.034000891515743632e+02 6.905417924177737632e+02 1.498552016689483457e+00 1.000785206402570626e+00
1.075422962201718491e+01 1.778000000000000114e+02 1.250000000000000000e+01 1.066799999999999955e+03 1.000000000000000000e+02 6.900000000000000000e+02 1.369456812997278234e+02 6.912052287060030267e+02 1.369456812997278172e+00 1.001746708269569686e+00
6.657600888251725912e+00 1.015999999999999943e+02 5.000000000000000000e+00 6.096000000000000227e+02 2.350000000000000000e+01 2.350000000000000000e+02 4.433932621644301264e+01 2.413901261600677230e+02 1.886779838997574954e+00 1.027192026213054055e+00
1.331520177650345182e+01 1.015999999999999943e+02 5.000000000000000000e+00 6.096000000000000227e+02 4.700000000000000000e+01 2.350000000000000000e+02 7.428406957595235838e+01 2.402372653942627494e+02 1.580512118637284136e+00 1.022286235720267111e+00
8.182725864158816975e+00 1.015999999999999943e+02 5.000000000000000000e+00 6.096000000000000227e+02 3.550000000000000000e+01 3.550000000000000000e+02 6.139005803756482749e+01 3.695184455159001686e+02 1.729297409508868455e+00 1.040897029622253944e+00
1.636545172831763395e+01 1.015999999999999943e+02 5.000000000000000000e+00 6.096000000000000227e+02 7.100000000000000000e+01 3.550000000000000000e+02 1.043338797312431439e+02 3.730842199699827120e+02 1.469491263820325910e+00 1.050941464704176598e+00
8.900378387042442441e+00 1.015999999999999943e+02 5.000000000000000000e+00 6.096000000000000227e+02 4.200000000000000000e+01 4.200000000000000000e+02 6.923058166654595880e+01 4.320369335524890175e+02 1.648347182536808564e+00 1.028659365601164222e+00
1.780075677408488488e+01 1.015999999999999943e+02 5.000000000000000000e+00 6.096000000000000227e+02 8.400000000000000000e+01 4.200000000000000000e+02 1.180233445118840763e+02 4.325832433701148716e+02 1.405039815617667553e+00 1.029960103262178350e+00
1.140797000518321980e+01 1.015999999999999943e+02 5.000000000000000000e+00 6.096000000000000227e+02 6.900000000000000000e+01 6.900000000000000000e+02 1.007989526369271545e+02 7.032950733022255463e+02 1.460854386042422570e+00 1.019268222177138528e+00
1.653328986258437894e+01 1.015999999999999943e+02 5.000000000000000000e+00 6.096000000000000227e+02 1.000000000000000000e+02 6.900000000000000000e+02 1.382586298621870071e+02 7.092636530076403005e+02 1.382586298621869991e+00 1.027918337692232287e+00
9.327370620340570184e+00 2.730000000000000000e+02 1.000000000000000000e+01 1.638000000000000000e+03 2.350000000000000000e+01 2.350000000000000000e+02 4.067350233462185116e+01 2.421332534981410163e+02 1.730787333388163818e+00 1.030354270204855371e+00
1.865474124068114037e+01 2.730000000000000000e+02 1.000000000000000000e+01 1.638000000000000000e+03 4.700000000000000000e+01 2.350000000000000000e+02 6.941140239118077204e+01 2.409177830494805903e+02 1.476838348748527041e+00 1.025182055529704650e+00
1.146408715402857403e+01 2.730000000000000000e+02 1.000000000000000000e+01 1.638000000000000000e+03 3.550000000000000000e+01 3.550000000000000000e+02 5.736380875012410741e+01 3.719408402698638838e+02 1.615881936623214221e+00 1.047720676816517926e+00
2.292817430805714807e+01 2.730000000000000000e+02 1.000000000000000000e+01 1.638000000000000000e+03 7.100000000000000000e+01 3.550000000000000000e+02 1.023901269352127912e+02 3.747933462153401365e+02 1.442114463876236430e+00 1.055755904831944036e+00
1.246952607563323312e+01 2.730000000000000000e+02 1.000000000000000000e+01 1.638000000000000000e+03 4.200000000000000000e+01 4.200000000000000000e+02 6.656904706858166776e+01 4.351997619544072791e+02 1.584977311156706481e+00 1.036189909415255350e+00
2.493905215126646624e+01 2.730000000000000000e+02 1.000000000000000000e+01 1.638000000000000000e+03 8.400000000000000000e+01 4.200000000000000000e+02 1.200786550267980459e+02 4.351977118622509693e+02 1.429507797938071922e+00 1.036185028243454598e+00
1.598268896710847464e+01 2.730000000000000000e+02 1.000000000000000000e+01 1.638000000000000000e+03 6.900000000000000000e+01 6.900000000000000000e+02 1.000779039266714676e+02 7.086863556150117347e+02 1.450404404734369157e+00 1.027081674804364742e+00
2.316331734363546957e+01 2.730000000000000000e+02 1.000000000000000000e+01 1.638000000000000000e+03 1.000000000000000000e+02 6.900000000000000000e+02 1.375214687292076405e+02 7.113096010470346755e+02 1.375214687292076299e+00 1.030883479778311074e+00
1.160497646920110881e+01 1.330000000000000000e+02 4.000000000000000000e+00 7.980000000000000000e+02 2.350000000000000000e+01 2.350000000000000000e+02 3.879607138092764984e+01 2.430728932110485232e+02 1.650896654507559624e+00 1.034352737068291672e+00
2.320995293840221763e+01 1.330000000000000000e+02 4.000000000000000000e+00 7.980000000000000000e+02 4.700000000000000000e+01 2.350000000000000000e+02 6.365626829972970313e+01 2.417400633036611168e+02 1.354388687228291532e+00 1.028681120441111041e+00
1.426344755436710798e+01 1.330000000000000000e+02 4.000000000000000000e+00 7.980000000000000000e+02 3.550000000000000000e+01 3.550000000000000000e+02 5.568835293699474676e+01 3.741364518624539528e+02 1.568685998225204159e+00 1.053905498204095625e+00
2.852689510873421597e+01 1.330000000000000000e+02 4.000000000000000000e+00 7.980000000000000000e+02 7.100000000000000000e+01 3.550000000000000000e+02 9.369172053070354877e+01 3.753669856151348085e+02 1.319601697615542912e+00 1.057371790465168493e+00
1.551439977888747812e+01 1.330000000000000000e+02 4.000000000000000000e+00 7.980000000000000000e+02 4.200000000000000000e+01 4.200000000000000000e+02 6.171437688630895479e+01 4.328994609659103503e+02 1.469389925864498903e+00 1.030713002299786574e+00
3.102879955777495624e+01 1.330000000000000000e+02 4.000000000000000000e+00 7.980000000000000000e+02 8.400000000000000000e+01 4.200000000000000000e+02 1.102596007081342151e+02 4.427791879148101657e+02 1.312614294144454963e+00 1.054236161701928909e+00
1.988542504930308041e+01 1.330000000000000000e+02 4.000000000000000000e+00 7.980000000000000000e+02 6.900000000000000000e+01 6.900000000000000000e+02 1.009532881657785737e+02 7.083459381844594418e+02 1.463091132837370578e+00 1.026588316209361418e+00
2.881945659319287145e+01 1.330000000000000000e+02 4.000000000000000000e+00 7.980000000000000000e+02 1.000000000000000000e+02 6.900000000000000000e+02 1.423136227720400200e+02 7.096349697644697017e+02 1.423136227720400271e+00 1.028456477919521328e+00
1.443492492477201772e+01 1.015999999999999943e+02 2.500000000000000000e+00 6.096000000000000227e+02 2.350000000000000000e+01 2.350000000000000000e+02 3.688112017523290120e+01 2.438891279991849501e+02 1.569409369158846879e+00 1.037826076592276436e+00
2.886984984954403544e+01 1.015999999999999943e+02 2.500000000000000000e+00 6.096000000000000227e+02 4.700000000000000000e+01 2.350000000000000000e+02 5.969607717831028992e+01 2.398418008481050379e+02 1.270129301666176325e+00 1.020603407864276724e+00
1.774168135214546638e+01 1.015999999999999943e+02 2.500000000000000000e+00 6.096000000000000227e+02 3.550000000000000000e+01 3.550000000000000000e+02 5.273925451661342123e+01 3.721371282313560869e+02 1.485612803284885208e+00 1.048273600651707271e+00
3.548336270429093275e+01 1.015999999999999943e+02 2.500000000000000000e+00 6.096000000000000227e+02 7.100000000000000000e+01 3.550000000000000000e+02 8.895577503165964117e+01 3.775407792682131571e+02 1.252898239882530129e+00 1.063495152868206173e+00
1.929768635511564057e+01 1.015999999999999943e+02 2.500000000000000000e+00 6.096000000000000227e+02 4.200000000000000000e+01 4.200000000000000000e+02 6.269981810219194784e+01 4.390160026644783215e+02 1.492852811956951076e+00 1.045276196820186465e+00
3.859537271023128113e+01 1.015999999999999943e+02 2.500000000000000000e+00 6.096000000000000227e+02 8.400000000000000000e+01 4.200000000000000000e+02 1.044731658381515871e+02 4.354622517248731697e+02 1.243728164739899889e+00 1.036814885059221814e+00
2.473461436528282320e+01 1.015999999999999943e+02 2.500000000000000000e+00 6.096000000000000227e+02 6.900000000000000000e+01 6.900000000000000000e+02 1.012544215450968892e+02 7.110787765044030948e+02 1.467455384711549016e+00 1.030548951455656725e+00
3.584726719606206302e+01 1.015999999999999943e+02 2.500000000000000000e+00 6.096000000000000227e+02 1.000000000000000000e+02 6.900000000000000000e+02 1.348002558727782514e+02 7.143165914398668974e+02 1.348002558727782407e+00 1.035241436869372311e+00
1.629642877052321737e+01 2.730000000000000000e+02 6.000000000000000000e+00 1.638000000000000000e+03 2.350000000000000000e+01 2.350000000000000000e+02 3.413624595041245868e+01 2.432005008478251682e+02 1.452606210655849273e+00 1.034895748288617634e+00
3.259285754104643473e+01 2.730000000000000000e+02 6.000000000000000000e+00 1.638000000000000000e+03 4.700000000000000000e+01 2.350000000000000000e+02 5.791474772367596557e+01 2.398446760690308963e+02 1.232228674971828974e+00 1.020615642846939952e+00
2.002961899222520969e+01 2.730000000000000000e+02 6.000000000000000000e+00 1.638000000000000000e+03 3.550000000000000000e+01 3.550000000000000000e+02 5.237386209027505402e+01 3.752460593691042732e+02 1.475320058880987384e+00 1.057031153152406366e+00
4.005923798445041939e+01 2.730000000000000000e+02 6.000000000000000000e+00 1.638000000000000000e+03 7.100000000000000000e+01 3.550000000000000000e+02 8.451186786129454731e+01 3.725879497612069144e+02 1.190307998046401972e+00 1.049543520454103929e+00
2.178628380549105970e+01 2.730000000000000000e+02 6.000000000000000000e+00 1.638000000000000000e+03 4.200000000000000000e+01 4.200000000000000000e+02 6.180543623544951970e+01 4.401077628546131564e+02 1.471558005605940966e+00 1.047875625844317149e+00
4.357256761098211939e+01 2.730000000000000000e+02 6.000000000000000000e+00 1.638000000000000000e+03 8.400000000000000000e+01 4.200000000000000000e+02 1.003724369062590824e+02 4.345910562619773714e+02 1.194909963169751066e+00 1.034740610147565132e+00
2.792434898490184736e+01 2.730000000000000000e+02 6.000000000000000000e+00 1.638000000000000000e+03 6.900000000000000000e+01 6.900000000000000000e+02 1.008471348914088281e+02 7.146513621711224005e+02 1.461552679585635284e+00 1.035726611842206379e+00
4.047007099261136887e+01 2.730000000000000000e+02 6.000000000000000000e+00 1.638000000000000000e+03 1.000000000000000000e+02 6.900000000000000000e+02 1.298567881500260910e+02 7.157888525572328717e+02 1.298567881500260812e+00 1.037375148633670863e+00
1.759884279231388859e+01 2.445000000000000000e+02 5.000000000000000000e+00 1.467000000000000000e+03 2.350000000000000000e+01 2.350000000000000000e+02 3.293764352339290014e+01 2.437222855597709383e+02 1.401601852059272346e+00 1.037116108764982725e+00
3.519768558462777719e+01 2.445000000000000000e+02 5.000000000000000000e+00 1.467000000000000000e+03 4.700000000000000000e+01 2.350000000000000000e+02 5.616482959538168984e+01 2.403750195567099013e+02 1.194996374369823089e+00 1.022872423645573958e+00
2.163039036329912435e+01 2.445000000000000000e+02 5.000000000000000000e+00 1.467000000000000000e+03 3.550000000000000000e+01 3.550000000000000000e+02 5.001227178865794798e+01 3.766074957321616807e+02 1.408796388412900003e+00 1.060866185161018826e+00
4.326078072659824869e+01 2.445000000000000000e+02 5.000000000000000000e+00 1.467000000000000000e+03 7.100000000000000000e+01 3.550000000000000000e+02 8.373821451771333102e+01 3.737496807837827077e+02 1.179411472080469370e+00 1.052816002207838553e+00
2.352744819865592873e+01 2.445000000000000000e+02 5.000000000000000000e+00 1.467000000000000000e+03 4.200000000000000000e+01 4.200000000000000000e+02 6.096229824344557358e+01 4.409569828463916679e+02 1.451483291510608842e+00 1.049897578205694515e+00
4.705489639731185747e+01 2.445000000000000000e+02 5.000000000000000000e+00 1.467000000000000000e+03 8.400000000000000000e+01 4.200000000000000000e+02 9.701255718832022978e+01 4.314419669343736814e+02 1.154911395099050386e+00 1.027242778415175417e+00
3.015606884079421235e+01 2.445000000000000000e+02 5.000000000000000000e+00 1.467000000000000000e+03 6.900000000000000000e+01 6.900000000000000000e+02 9.946974570519685699e+01 7.170604626567160267e+02 1.441590517466621035e+00 1.039218061821327588e+00
4.370444759535393331e+01 2.445000000000000000e+02 5.000000000000000000e+00 1.467000000000000000e+03 1.000000000000000000e+02 6.900000000000000000e+02 1.267593721943595284e+02 7.178502077333745319e+02 1.267593721943595320e+00 1.040362619903441255e+00
1.984951979738589145e+01 2.190999999999999943e+02 4.000000000000000000e+00 1.314599999999999909e+03 2.350000000000000000e+01 2.350000000000000000e+02 3.348129307779800001e+01 2.435423748531036665e+02 1.424735875650978700e+00 1.036350531289802923e+00
3.969903959477178290e+01 2.190999999999999943e+02 4.000000000000000000e+00 1.314599999999999909e+03 4.700000000000000000e+01 2.350000000000000000e+02 5.414677425342399175e+01 2.412757907160272453e+02 1.152059026668595498e+00 1.026705492408626519e+00
2.439665305317724986e+01 2.190999999999999943e+02 4.000000000000000000e+00 1.314599999999999909e+03 3.550000000000000000e+01 3.550000000000000000e+02 5.091429611425883195e+01 3.767053528458320102e+02 1.434205524345319116e+00 1.061141839002343712e+00
4.879330610635449972e+01 2.190999999999999943e+02 4.000000000000000000e+00 1.314599999999999909e+03 7.100000000000000000e+01 3.550000000000000000e+02 7.975203230696403978e+01 3.707486281942178721e+02 1.123268060661465340e+00 1.044362332941458860e+00
2.653632141115285137e+01 2.190999999999999943e+02 4.000000000000000000e+00 1.314599999999999909e+03 4.200000000000000000e+01 4.200000000000000000e+02 5.993561337373719056e+01 4.375093038747911010e+02 1.427038413660409288e+00 1.041688818749502587e+00
5.307264282230570274e+01 2.190999999999999943e+02 4.000000000000000000e+00 1.314599999999999909e+03 8.400000000000000000e+01 4.200000000000000000e+02 9.437954286452811914e+01 4.151040161333731930e+02 1.123565986482477630e+00 9.883428955556504691e-01
3.401266165796434393e+01 2.190999999999999943e+02 4.000000000000000000e+00 1.314599999999999909e+03 6.900000000000000000e+01 6.900000000000000000e+02 9.482636950932757713e+01 7.189675848468398272e+02 1.374295210280109814e+00 1.041982007024405466e+00
4.929371254777441180e+01 2.190999999999999943e+02 4.000000000000000000e+00 1.314599999999999909e+03 1.000000000000000000e+02 6.900000000000000000e+02 1.227616294813221742e+02 7.165743419682697777e+02 1.227616294813221653e+00 1.038513539084448878e+00
2.228235853183522153e+01 2.445000000000000000e+02 4.000000000000000000e+00 1.467000000000000000e+03 2.350000000000000000e+01 2.350000000000000000e+02 3.286856351671873000e+01 2.434598935282888021e+02 1.398662277307179957e+00 1.035999546928888515e+00
4.456471706367044305e+01 2.445000000000000000e+02 4.000000000000000000e+00 1.467000000000000000e+03 4.700000000000000000e+01 2.350000000000000000e+02 5.353637965158031164e+01 2.399257267784373653e+02 1.139071907480432078e+00 1.020960539482712148e+00
2.738680712967574493e+01 2.445000000000000000e+02 4.000000000000000000e+00 1.467000000000000000e+03 3.550000000000000000e+01 3.550000000000000000e+02 4.932375525470093436e+01 3.747043492788264416e+02 1.389401556470448940e+00 1.055505209236130781e+00
5.477361425935148986e+01 2.445000000000000000e+02 4.000000000000000000e+00 1.467000000000000000e+03 7.100000000000000000e+01 3.550000000000000000e+02 7.924487824712578288e+01 3.570472626408212022e+02 1.116125045734166044e+00 1.005766937016397744e+00
2.978872203634841398e+01 2.445000000000000000e+02 4.000000000000000000e+00 1.467000000000000000e+03 4.200000000000000000e+01 4.200000000000000000e+02 5.756999629861655876e+01 4.387773353163552201e+02 1.370714197586108574e+00 1.044707941229417125e+00
5.957744407269682796e+01 2.445000000000000000e+02 4.000000000000000000e+00 1.467000000000000000e+03 8.400000000000000000e+01 4.200000000000000000e+02 9.266427813846570416e+01 4.310366260765681545e+02 1.103146168315067843e+00 1.026277681134686093e+00
3.818139327403661554e+01 2.445000000000000000e+02 4.000000000000000000e+00 1.467000000000000000e+03 6.900000000000000000e+01 6.900000000000000000e+02 9.224967991396792399e+01 7.190824732572326639e+02 1.336951882811129311e+00 1.042148511967003754e+00
5.533535257106755978e+01 2.445000000000000000e+02 4.000000000000000000e+00 1.467000000000000000e+03 1.000000000000000000e+02 6.900000000000000000e+02 1.204313277240289324e+02 7.188340539283100270e+02 1.204313277240289359e+00 1.041788483954072531e+00
2.501228775230443446e+01 2.730000000000000000e+02 4.000000000000000000e+00 1.638000000000000000e+03 2.350000000000000000e+01 2.350000000000000000e+02 3.176335679606382811e+01 2.437587475629566711e+02 1.351632204087822364e+00 1.037271266225347599e+00
5.002457550460886893e+01 2.730000000000000000e+02 4.000000000000000000e+00 1.638000000000000000e+03 4.700000000000000000e+01 2.350000000000000000e+02 5.264232374211346155e+01 2.408318258812465160e+02 1.120049441321562922e+00 1.024816280345729913e+00
3.074210925946777451e+01 2.730000000000000000e+02 4.000000000000000000e+00 1.638000000000000000e+03 3.550000000000000000e+01 3.550000000000000000e+02 4.729178256656847168e+01 3.765387331541693925e+02 1.332162889199111966e+00 1.060672487758223648e+00
6.148421851893554901e+01 2.730000000000000000e+02 4.000000000000000000e+00 1.638000000000000000e+03 7.100000000000000000e+01 3.550000000000000000e+02 7.895370456328841158e+01 3.691134842283829016e+02 1.112024007933639647e+00 1.039756293601078685e+00
3.343829542469855909e+01 2.730000000000000000e+02 4.000000000000000000e+00 1.638000000000000000e+03 4.200000000000000000e+01 4.200000000000000000e+02 5.568418515954463288e+01 4.391412638932932282e+02 1.325813932370110360e+00 1.045574437841174431e+00
6.687659084939711818e+01 2.730000000000000000e+02 4.000000000000000000e+00 1.638000000000000000e+03 8.400000000000000000e+01 4.200000000000000000e+02 9.347380138903822910e+01 4.309645295300443877e+02 1.112783349869502780e+00 1.026106022690581820e+00
4.285919706343801039e+01 2.730000000000000000e+02 4.000000000000000000e+00 1.638000000000000000e+03 6.900000000000000000e+01 6.900000000000000000e+02 9.056989159517125643e+01 7.180147729634978759e+02 1.312607124567699346e+00 1.040601120236953392e+00
6.211477835280869897e+01 2.730000000000000000e+02 4.000000000000000000e+00 1.638000000000000000e+03 1.000000000000000000e+02 6.900000000000000000e+02 1.180387226153053888e+02 7.174207601945255419e+02 1.180387226153053915e+00 1.039740232165978995e+00
2.684508711516770418e+01 2.190999999999999943e+02 3.000000000000000000e+00 1.314599999999999909e+03 2.350000000000000000e+01 2.350000000000000000e+02 3.117052941579069980e+01 2.440293153652401372e+02 1.326405507054923438e+00 1.038422618575489897e+00
5.369017423033540837e+01 2.190999999999999943e+02 3.000000000000000000e+00 1.314599999999999909e+03 4.700000000000000000e+01 2.350000000000000000e+02 5.209002853224919249e+01 2.411604583310738690e+02 1.108298479409557391e+00 1.026214716302441987e+00
3.299476678611223690e+01 2.190999999999999943e+02 3.000000000000000000e+00 1.314599999999999909e+03 3.550000000000000000e+01 3.550000000000000000e+02 4.661934187840272159e+01 3.776388364974293950e+02 1.313220897983175206e+00 1.063771370415294015e+00
6.598953357222447380e+01 2.190999999999999943e+02 3.000000000000000000e+00 1.314599999999999909e+03 7.100000000000000000e+01 3.550000000000000000e+02 7.876911348892777198e+01 3.673030256023625952e+02 1.109424133646869981e+00 1.034656410147500205e+00
3.588851857727584616e+01 2.190999999999999943e+02 3.000000000000000000e+00 1.314599999999999909e+03 4.200000000000000000e+01 4.200000000000000000e+02 5.498200561990421420e+01 4.392494420919970253e+02 1.309095371902481375e+00 1.045832004980945307e+00
7.177703715455169231e+01 2.190999999999999943e+02 3.000000000000000000e+00 1.314599999999999909e+03 8.400000000000000000e+01 4.200000000000000000e+02 9.356453839181554599e+01 4.343620499682506306e+02 1.113863552283518299e+00 1.034195357067263510e+00
4.599974581485973602e+01 2.190999999999999943e+02 3.000000000000000000e+00 1.314599999999999909e+03 6.900000000000000000e+01 6.900000000000000000e+02 9.061206612815716710e+01 7.228664659696755734e+02 1.313218349683437314e+00 1.047632559376341366e+00
6.666629828240540689e+01 2.190999999999999943e+02 3.000000000000000000e+00 1.314599999999999909e+03 1.000000000000000000e+02 6.900000000000000000e+02 1.179623955178225714e+02 7.174079441822342460e+02 1.179623955178225714e+00 1.039721658235122081e+00
