4.330497395199783384e+00 1.778000000000000114e+02 1.250000000000000000e+01 1.066799999999999955e+03 2.350000000000000000e+01 2.350000000000000000e+02 4.785227849283346302e+01 2.436274546205136744e+02 2.036267169907806984e+00 1.036712572853249581e+00
8.660994790399566767e+00 1.778000000000000114e+02 1.250000000000000000e+01 1.066799999999999955e+03 4.700000000000000000e+01 2.350000000000000000e+02 7.323302977787197676e+01 2.427628069140808691e+02 1.558149569741956952e+00 1.033033220910982486e+00
5.322528886179431318e+00 1.778000000000000114e+02 1.250000000000000000e+01 1.066799999999999955e+03 3.550000000000000000e+01 3.550000000000000000e+02 6.545157337622384830e+01 3.652145158906339475e+02 1.843706292287995652e+00 1.028773284198968962e+00
1.064505777235886264e+01 1.778000000000000114e+02 1.250000000000000000e+01 1.066799999999999955e+03 7.100000000000000000e+01 3.550000000000000000e+02 1.033413562285000467e+02 3.656189136980675016e+02 1.455512059556338667e+00 1.029912432952302836e+00
5.789332534095639637e+00 1.778000000000000114e+02 1.250000000000000000e+01 1.066799999999999955e+03 4.200000000000000000e+01 4.200000000000000000e+02 7.452075179156047113e+01 4.373752300868640646e+02 1.774303614084773217e+00 1.041369595444914475e+00
1.157866506819127927e+01 1.778000000000000114e+02 1.250000000000000000e+01 1.066799999999999955e+03 8.400000000000000000e+01 4.200000000000000000e+02 1.197015665569593068e+02 4.377366196273333685e+02 1.425018649487610700e+00 1.042230046731746018e+00
7.420418439191857729e+00 1.778000000000000114e+02 1.250000000000000000e+01 1.066799999999999955e+03 6.900000000000000000e+01 6.900000000000000000e+02 1.070089449093710385e+02 6.992452248575906424e+02 1.550854274048855563e+00 1.013398876605203780e+00
1.075422962201718491e+01 1.778000000000000114e+02 1.250000000000000000e+01 1.066799999999999955e+03 1.000000000000000000e+02 6.900000000000000000e+02 1.387111465230763088e+02 6.982754930041836587e+02 1.387111465230763008e+00 1.011993468122005302e+00
6.657600888251725912e+00 1.015999999999999943e+02 5.000000000000000000e+00 6.096000000000000227e+02 2.350000000000000000e+01 2.350000000000000000e+02 4.379199935376931307e+01 2.438627207061564661e+02 1.863489334202949488e+00 1.037713705132580655e+00
1.331520177650345182e+01 1.015999999999999943e+02 5.000000000000000000e+00 6.096000000000000227e+02 4.700000000000000000e+01 2.350000000000000000e+02 7.015062898563988369e+01 2.426502770711897767e+02 1.492566574162550674e+00 1.032554370515701203e+00
8.182725864158816975e+00 1.015999999999999943e+02 5.000000000000000000e+00 6.096000000000000227e+02 3.550000000000000000e+01 3.550000000000000000e+02 6.096866651951805949e+01 3.652393585444515338e+02 1.717427225901917209e+00 1.028843263505497374e+00
1.636545172831763395e+01 1.015999999999999943e+02 5.000000000000000000e+00 6.096000000000000227e+02 7.100000000000000000e+01 3.550000000000000000e+02 9.828056823288017085e+01 3.624545497833965442e+02 1.384233355392678444e+00 1.020998731784215519e+00
8.900378387042442441e+00 1.015999999999999943e+02 5.000000000000000000e+00 6.096000000000000227e+02 4.200000000000000000e+01 4.200000000000000000e+02 6.886061145025469443e+01 4.368639037853478158e+02 1.639538367863206947e+00 1.040152151869875752e+00
1.780075677408488488e+01 1.015999999999999943e+02 5.000000000000000000e+00 6.096000000000000227e+02 8.400000000000000000e+01 4.200000000000000000e+02 1.133097213920981687e+02 4.399457913447666897e+02 1.348925254667835416e+00 1.047489979392301596e+00
1.140797000518321980e+01 1.015999999999999943e+02 5.000000000000000000e+00 6.096000000000000227e+02 6.900000000000000000e+01 6.900000000000000000e+02 1.012635295702082630e+02 6.988349320474102342e+02 1.467587385075482143e+00 1.012804249344072760e+00
1.653328986258437894e+01 1.015999999999999943e+02 5.000000000000000000e+00 6.096000000000000227e+02 1.000000000000000000e+02 6.900000000000000000e+02 1.343064922996283883e+02 7.004929081512165112e+02 1.343064922996283883e+00 1.015207113262632577e+00
9.327370620340570184e+00 2.730000000000000000e+02 1.000000000000000000e+01 1.638000000000000000e+03 2.350000000000000000e+01 2.350000000000000000e+02 4.051812385965849472e+01 2.438397934012006658e+02 1.724175483389723151e+00 1.037616142132768760e+00
1.865474124068114037e+01 2.730000000000000000e+02 1.000000000000000000e+01 1.638000000000000000e+03 4.700000000000000000e+01 2.350000000000000000e+02 6.704170973462332483e+01 2.426837090920645608e+02 1.426419356055815379e+00 1.032696634434317362e+00
1.146408715402857403e+01 2.730000000000000000e+02 1.000000000000000000e+01 1.638000000000000000e+03 3.550000000000000000e+01 3.550000000000000000e+02 5.657206610198755925e+01 3.659027255752113774e+02 1.593579326816551012e+00 1.030711903028764365e+00
2.292817430805714807e+01 2.730000000000000000e+02 1.000000000000000000e+01 1.638000000000000000e+03 7.100000000000000000e+01 3.550000000000000000e+02 9.627498292762300025e+01 3.669282124047630305e+02 1.355985675036943672e+00 1.033600598323276110e+00
1.246952607563323312e+01 2.730000000000000000e+02 1.000000000000000000e+01 1.638000000000000000e+03 4.200000000000000000e+01 4.200000000000000000e+02 6.461915537288179223e+01 4.368837671949444825e+02 1.538551318401947476e+00 1.040199445702248759e+00
2.493905215126646624e+01 2.730000000000000000e+02 1.000000000000000000e+01 1.638000000000000000e+03 8.400000000000000000e+01 4.200000000000000000e+02 1.126050967685552564e+02 4.380518538199360705e+02 1.340536866292324492e+00 1.042980604333181072e+00
1.598268896710847464e+01 2.730000000000000000e+02 1.000000000000000000e+01 1.638000000000000000e+03 6.900000000000000000e+01 6.900000000000000000e+02 9.564767124119019570e+01 6.991796837581432555e+02 1.386198133930292675e+00 1.013303889504555411e+00
2.316331734363546957e+01 2.730000000000000000e+02 1.000000000000000000e+01 1.638000000000000000e+03 1.000000000000000000e+02 6.900000000000000000e+02 1.308570846354071762e+02 7.008977339838967282e+02 1.308570846354071726e+00 1.015793817367966367e+00
1.160497646920110881e+01 1.330000000000000000e+02 4.000000000000000000e+00 7.980000000000000000e+02 2.350000000000000000e+01 2.350000000000000000e+02 3.843465482139112055e+01 2.438495682683411871e+02 1.635517226442175343e+00 1.037657737312090100e+00
2.320995293840221763e+01 1.330000000000000000e+02 4.000000000000000000e+00 7.980000000000000000e+02 4.700000000000000000e+01 2.350000000000000000e+02 6.355005524676747797e+01 2.425504494009037728e+02 1.352128835037605947e+00 1.032129571918739552e+00
1.426344755436710798e+01 1.330000000000000000e+02 4.000000000000000000e+00 7.980000000000000000e+02 3.550000000000000000e+01 3.550000000000000000e+02 5.402851285321170849e+01 3.654534620631848156e+02 1.521929939527090436e+00 1.029446372008971267e+00
2.852689510873421597e+01 1.330000000000000000e+02 4.000000000000000000e+00 7.980000000000000000e+02 7.100000000000000000e+01 3.550000000000000000e+02 9.374397404040077220e+01 3.636474729691378229e+02 1.320337662540856050e+00 1.024359078786303723e+00
1.551439977888747812e+01 1.330000000000000000e+02 4.000000000000000000e+00 7.980000000000000000e+02 4.200000000000000000e+01 4.200000000000000000e+02 6.172556764277968000e+01 4.369813210793296321e+02 1.469656372447135206e+00 1.040431716855546806e+00
3.102879955777495624e+01 1.330000000000000000e+02 4.000000000000000000e+00 7.980000000000000000e+02 8.400000000000000000e+01 4.200000000000000000e+02 1.095397068852794433e+02 4.383019274793987279e+02 1.304044129586660050e+00 1.043576017808092171e+00
1.988542504930308041e+01 1.330000000000000000e+02 4.000000000000000000e+00 7.980000000000000000e+02 6.900000000000000000e+01 6.900000000000000000e+02 9.398476302753013556e+01 7.002340803565131182e+02 1.362098014891741204e+00 1.014832000516685762e+00
2.881945659319287145e+01 1.330000000000000000e+02 4.000000000000000000e+00 7.980000000000000000e+02 1.000000000000000000e+02 6.900000000000000000e+02 1.299748286162335091e+02 7.011851134810691519e+02 1.299748286162335065e+00 1.016210309392853839e+00
1.443492492477201772e+01 1.015999999999999943e+02 2.500000000000000000e+00 6.096000000000000227e+02 2.350000000000000000e+01 2.350000000000000000e+02 3.637607168442752936e+01 2.440433574599995836e+02 1.547917944018192715e+00 1.038482372170210999e+00
2.886984984954403544e+01 1.015999999999999943e+02 2.500000000000000000e+00 6.096000000000000227e+02 4.700000000000000000e+01 2.350000000000000000e+02 5.943004791224951333e+01 2.423438069176660861e+02 1.264469104515947073e+00 1.031250242202834455e+00
1.774168135214546638e+01 1.015999999999999943e+02 2.500000000000000000e+00 6.096000000000000227e+02 3.550000000000000000e+01 3.550000000000000000e+02 5.213841998929066079e+01 3.659270672798295436e+02 1.468687887022272154e+00 1.030780471210787530e+00
3.548336270429093275e+01 1.015999999999999943e+02 2.500000000000000000e+00 6.096000000000000227e+02 7.100000000000000000e+01 3.550000000000000000e+02 8.673641373239334484e+01 3.631797767680351967e+02 1.221639630033709123e+00 1.023041624698690644e+00
1.929768635511564057e+01 1.015999999999999943e+02 2.500000000000000000e+00 6.096000000000000227e+02 4.200000000000000000e+01 4.200000000000000000e+02 6.042594103735498834e+01 4.367461240395739992e+02 1.438712881841785363e+00 1.039871723903747602e+00
3.859537271023128113e+01 1.015999999999999943e+02 2.500000000000000000e+00 6.096000000000000227e+02 8.400000000000000000e+01 4.200000000000000000e+02 1.020520479735139219e+02 4.357506555305133134e+02 1.214905333018022837e+00 1.037501560786936450e+00
2.473461436528282320e+01 1.015999999999999943e+02 2.500000000000000000e+00 6.096000000000000227e+02 6.900000000000000000e+01 6.900000000000000000e+02 9.270818860874034328e+01 6.995416604038075548e+02 1.343596936358555594e+00 1.013828493338851500e+00
3.584726719606206302e+01 1.015999999999999943e+02 2.500000000000000000e+00 6.096000000000000227e+02 1.000000000000000000e+02 6.900000000000000000e+02 1.282795725833233860e+02 7.016386152020555755e+02 1.282795725833233869e+00 1.016867558263848670e+00
1.629642877052321737e+01 2.730000000000000000e+02 6.000000000000000000e+00 1.638000000000000000e+03 2.350000000000000000e+01 2.350000000000000000e+02 3.519516600664773875e+01 2.439124180580510028e+02 1.497666638580754883e+00 1.037925183225749004e+00
3.259285754104643473e+01 2.730000000000000000e+02 6.000000000000000000e+00 1.638000000000000000e+03 4.700000000000000000e+01 2.350000000000000000e+02 5.689856334125784088e+01 2.404853867522488144e+02 1.210607730665060444e+00 1.023342071286165167e+00
2.002961899222520969e+01 2.730000000000000000e+02 6.000000000000000000e+00 1.638000000000000000e+03 3.550000000000000000e+01 3.550000000000000000e+02 5.114891891480483110e+01 3.658914659737434363e+02 1.440814617318445956e+00 1.030680185841530871e+00
4.005923798445041939e+01 2.730000000000000000e+02 6.000000000000000000e+00 1.638000000000000000e+03 7.100000000000000000e+01 3.550000000000000000e+02 8.359369409143531016e+01 3.633193888011859940e+02 1.177375973118807151e+00 1.023434898031509777e+00
2.178628380549105970e+01 2.730000000000000000e+02 6.000000000000000000e+00 1.638000000000000000e+03 4.200000000000000000e+01 4.200000000000000000e+02 5.918809386256713623e+01 4.369863172790813337e+02 1.409240330061122259e+00 1.040443612569241338e+00
4.357256761098211939e+01 2.730000000000000000e+02 6.000000000000000000e+00 1.638000000000000000e+03 8.400000000000000000e+01 4.200000000000000000e+02 9.814411674901228366e+01 4.353330485820668514e+02 1.168382342250146255e+00 1.036507258528730491e+00
2.792434898490184736e+01 2.730000000000000000e+02 6.000000000000000000e+00 1.638000000000000000e+03 6.900000000000000000e+01 6.900000000000000000e+02 9.185850217483837810e+01 6.999783581358491347e+02 1.331282640215049051e+00 1.014461388602679870e+00
4.047007099261136887e+01 2.730000000000000000e+02 6.000000000000000000e+00 1.638000000000000000e+03 1.000000000000000000e+02 6.900000000000000000e+02 1.269656792786332176e+02 7.007444928908922748e+02 1.269656792786332256e+00 1.015571728827380005e+00
1.759884279231388859e+01 2.445000000000000000e+02 5.000000000000000000e+00 1.467000000000000000e+03 2.350000000000000000e+01 2.350000000000000000e+02 3.465449298107180454e+01 2.438501327756646049e+02 1.474659275790289659e+00 1.037660139470913290e+00
3.519768558462777719e+01 2.445000000000000000e+02 5.000000000000000000e+00 1.467000000000000000e+03 4.700000000000000000e+01 2.350000000000000000e+02 5.574384982247769216e+01 2.402734500254955208e+02 1.186039357925057214e+00 1.022440212874448973e+00
2.163039036329912435e+01 2.445000000000000000e+02 5.000000000000000000e+00 1.467000000000000000e+03 3.550000000000000000e+01 3.550000000000000000e+02 5.023897662087416904e+01 3.662946096804198532e+02 1.415182440024624455e+00 1.031815801916675657e+00
4.326078072659824869e+01 2.445000000000000000e+02 5.000000000000000000e+00 1.467000000000000000e+03 7.100000000000000000e+01 3.550000000000000000e+02 8.214119106103780155e+01 3.633359043591558475e+02 1.156918183958278945e+00 1.023481420730016467e+00
2.352744819865592873e+01 2.445000000000000000e+02 5.000000000000000000e+00 1.467000000000000000e+03 4.200000000000000000e+01 4.200000000000000000e+02 5.833016271091987903e+01 4.376141127126823562e+02 1.388813397879044675e+00 1.041938363601624618e+00
4.705489639731185747e+01 2.445000000000000000e+02 5.000000000000000000e+00 1.467000000000000000e+03 8.400000000000000000e+01 4.200000000000000000e+02 9.650449572495347184e+01 4.350624085538609620e+02 1.148863044344684115e+00 1.035862877509192703e+00
3.015606884079421235e+01 2.445000000000000000e+02 5.000000000000000000e+00 1.467000000000000000e+03 6.900000000000000000e+01 6.900000000000000000e+02 9.148201159918052383e+01 7.004967008951230127e+02 1.325826255060587266e+00 1.015212609992931947e+00
4.370444759535393331e+01 2.445000000000000000e+02 5.000000000000000000e+00 1.467000000000000000e+03 1.000000000000000000e+02 6.900000000000000000e+02 1.239385337394009383e+02 7.004973202451285488e+02 1.239385337394009357e+00 1.015213507601635534e+00
1.984951979738589145e+01 2.190999999999999943e+02 4.000000000000000000e+00 1.314599999999999909e+03 2.350000000000000000e+01 2.350000000000000000e+02 3.414644686797267781e+01 2.434350549027537340e+02 1.453040292254156540e+00 1.035893850650015935e+00
3.969903959477178290e+01 2.190999999999999943e+02 4.000000000000000000e+00 1.314599999999999909e+03 4.700000000000000000e+01 2.350000000000000000e+02 5.348466629221614710e+01 2.403717369092021556e+02 1.137971623238641428e+00 1.022858454932775052e+00
2.439665305317724986e+01 2.190999999999999943e+02 4.000000000000000000e+00 1.314599999999999909e+03 3.550000000000000000e+01 3.550000000000000000e+02 4.981940122711918661e+01 3.659643173022334395e+02 1.403363414848427748e+00 1.030885400851361711e+00
4.879330610635449972e+01 2.190999999999999943e+02 4.000000000000000000e+00 1.314599999999999909e+03 7.100000000000000000e+01 3.550000000000000000e+02 7.939494832194648666e+01 3.627950880864708552e+02 1.118238708759809574e+00 1.021957994609776987e+00
2.653632141115285137e+01 2.190999999999999943e+02 4.000000000000000000e+00 1.314599999999999909e+03 4.200000000000000000e+01 4.200000000000000000e+02 5.816153866552433271e+01 4.372641305562345337e+02 1.384798539655341276e+00 1.041105072752939398e+00
5.307264282230570274e+01 2.190999999999999943e+02 4.000000000000000000e+00 1.314599999999999909e+03 8.400000000000000000e+01 4.200000000000000000e+02 9.359269643627702351e+01 4.347680286621076675e+02 1.114198767098536047e+00 1.035161973005018332e+00
3.401266165796434393e+01 2.190999999999999943e+02 4.000000000000000000e+00 1.314599999999999909e+03 6.900000000000000000e+01 6.900000000000000000e+02 9.214410646072730060e+01 7.009962124766676652e+02 1.335421832764163819e+00 1.015936539821257423e+00
4.929371254777441180e+01 2.190999999999999943e+02 4.000000000000000000e+00 1.314599999999999909e+03 1.000000000000000000e+02 6.900000000000000000e+02 1.196889658629573745e+02 6.989837137136057663e+02 1.196889658629573638e+00 1.013019874947254761e+00
2.228235853183522153e+01 2.445000000000000000e+02 4.000000000000000000e+00 1.467000000000000000e+03 2.350000000000000000e+01 2.350000000000000000e+02 3.345634070648233660e+01 2.429950101334633814e+02 1.423674072616269548e+00 1.034021319716865506e+00
4.456471706367044305e+01 2.445000000000000000e+02 4.000000000000000000e+00 1.467000000000000000e+03 4.700000000000000000e+01 2.350000000000000000e+02 5.223502769101054355e+01 2.403496687301909276e+02 1.111383567893841295e+00 1.022764547788046485e+00
2.738680712967574493e+01 2.445000000000000000e+02 4.000000000000000000e+00 1.467000000000000000e+03 3.550000000000000000e+01 3.550000000000000000e+02 4.935845085758984396e+01 3.653581700588570698e+02 1.390378897396896907e+00 1.029177943827766395e+00
5.477361425935148986e+01 2.445000000000000000e+02 4.000000000000000000e+00 1.467000000000000000e+03 7.100000000000000000e+01 3.550000000000000000e+02 7.922659637743754502e+01 3.621816597133365576e+02 1.115867554611796431e+00 1.020230027361511471e+00
2.978872203634841398e+01 2.445000000000000000e+02 4.000000000000000000e+00 1.467000000000000000e+03 4.200000000000000000e+01 4.200000000000000000e+02 5.778130145904108161e+01 4.369766304740124951e+02 1.375745272834311361e+00 1.040420548747648777e+00
5.957744407269682796e+01 2.445000000000000000e+02 4.000000000000000000e+00 1.467000000000000000e+03 8.400000000000000000e+01 4.200000000000000000e+02 9.284112947774890756e+01 4.333516871962192454e+02 1.105251541401772730e+00 1.031789731419569645e+00
3.818139327403661554e+01 2.445000000000000000e+02 4.000000000000000000e+00 1.467000000000000000e+03 6.900000000000000000e+01 6.900000000000000000e+02 9.100583411098423881e+01 7.017565731089584915e+02 1.318925132043249793e+00 1.017038511752113683e+00
5.533535257106755978e+01 2.445000000000000000e+02 4.000000000000000000e+00 1.467000000000000000e+03 1.000000000000000000e+02 6.900000000000000000e+02 1.159160075660073232e+02 6.974998784145954005e+02 1.159160075660073286e+00 1.010869389006660013e+00
2.501228775230443446e+01 2.730000000000000000e+02 4.000000000000000000e+00 1.638000000000000000e+03 2.350000000000000000e+01 2.350000000000000000e+02 3.176965764026849115e+01 2.429989853273829397e+02 1.351900325117808110e+00 1.034038235435672082e+00
5.002457550460886893e+01 2.730000000000000000e+02 4.000000000000000000e+00 1.638000000000000000e+03 4.700000000000000000e+01 2.350000000000000000e+02 5.160727905974373897e+01 2.402854756389125725e+02 1.098027214037100796e+00 1.022491385697500199e+00
3.074210925946777451e+01 2.730000000000000000e+02 4.000000000000000000e+00 1.638000000000000000e+03 3.550000000000000000e+01 3.550000000000000000e+02 4.699280361147059892e+01 3.651986645668347364e+02 1.323740946801988727e+00 1.028728632582633029e+00
6.148421851893554901e+01 2.730000000000000000e+02 4.000000000000000000e+00 1.638000000000000000e+03 7.100000000000000000e+01 3.550000000000000000e+02 7.802426726494164200e+01 3.618807454894475200e+02 1.098933341759741333e+00 1.019382381660415504e+00
3.343829542469855909e+01 2.730000000000000000e+02 4.000000000000000000e+00 1.638000000000000000e+03 4.200000000000000000e+01 4.200000000000000000e+02 5.458607146794586384e+01 4.370541206998748294e+02 1.299668368284425224e+00 1.040605049285416195e+00
6.687659084939711818e+01 2.730000000000000000e+02 4.000000000000000000e+00 1.638000000000000000e+03 8.400000000000000000e+01 4.200000000000000000e+02 9.153195910165085536e+01 4.332540249664348266e+02 1.089666179781557886e+00 1.031557202301035314e+00
4.285919706343801039e+01 2.730000000000000000e+02 4.000000000000000000e+00 1.638000000000000000e+03 6.900000000000000000e+01 6.900000000000000000e+02 8.705204376459995785e+01 7.032430168362775476e+02 1.261623822675361772e+00 1.019192778023590540e+00
6.211477835280869897e+01 2.730000000000000000e+02 4.000000000000000000e+00 1.638000000000000000e+03 1.000000000000000000e+02 6.900000000000000000e+02 1.124284879193806717e+02 6.961935364019104782e+02 1.124284879193806708e+00 1.008976139712913778e+00
2.684508711516770418e+01 2.190999999999999943e+02 3.000000000000000000e+00 1.314599999999999909e+03 2.350000000000000000e+01 2.350000000000000000e+02 3.093973477979126585e+01 2.430669298653976398e+02 1.316584458714521899e+00 1.034327361129351752e+00
5.369017423033540837e+01 2.190999999999999943e+02 3.000000000000000000e+00 1.314599999999999909e+03 4.700000000000000000e+01 2.350000000000000000e+02 5.079311837942564267e+01 2.403393249629663444e+02 1.080704646370758359e+00 1.022720531757303597e+00
3.299476678611223690e+01 2.190999999999999943e+02 3.000000000000000000e+00 1.314599999999999909e+03 3.550000000000000000e+01 3.550000000000000000e+02 4.538806078019024426e+01 3.646562114587851511e+02 1.278536923385640733e+00 1.027200595658549709e+00
6.598953357222447380e+01 2.190999999999999943e+02 3.000000000000000000e+00 1.314599999999999909e+03 7.100000000000000000e+01 3.550000000000000000e+02 7.671086302507163168e+01 3.618309862245194495e+02 1.080434690493966565e+00 1.019242214716956196e+00
3.588851857727584616e+01 2.190999999999999943e+02 3.000000000000000000e+00 1.314599999999999909e+03 4.200000000000000000e+01 4.200000000000000000e+02 5.330819829455182912e+01 4.371469894762510080e+02 1.269242816536948260e+00 1.040826165419645344e+00
7.177703715455169231e+01 2.190999999999999943e+02 3.000000000000000000e+00 1.314599999999999909e+03 8.400000000000000000e+01 4.200000000000000000e+02 9.042483087175327228e+01 4.333584497308480650e+02 1.076486081806586670e+00 1.031805832692495484e+00
4.599974581485973602e+01 2.190999999999999943e+02 3.000000000000000000e+00 1.314599999999999909e+03 6.900000000000000000e+01 6.900000000000000000e+02 8.506076322562374514e+01 7.024909259377435546e+02 1.232764684429329627e+00 1.018102791214121172e+00
6.666629828240540689e+01 2.190999999999999943e+02 3.000000000000000000e+00 1.314599999999999909e+03 1.000000000000000000e+02 6.900000000000000000e+02 1.121735952905682296e+02 6.969547605377846367e+02 1.121735952905682288e+00 1.010079363098238536e+00
