1.778000000000000114e+02 1.250000000000000000e+01 1.066799999999999955e+03 2.350000000000000000e+01 2.350000000000000000e+02 4.824655139751295252e+01 2.506155668523054487e+02 2.053044740319700079e+00 1.066449220648108209e+00
1.778000000000000114e+02 1.250000000000000000e+01 1.066799999999999955e+03 4.700000000000000000e+01 2.350000000000000000e+02 7.568157304162006938e+01 2.509088409155292823e+02 1.610246234928086606e+00 1.067697195385231002e+00
1.778000000000000114e+02 1.250000000000000000e+01 1.066799999999999955e+03 3.550000000000000000e+01 3.550000000000000000e+02 6.675728324667379354e+01 3.738343990172076019e+02 1.880486852018980137e+00 1.053054645118894683e+00
1.778000000000000114e+02 1.250000000000000000e+01 1.066799999999999955e+03 7.100000000000000000e+01 3.550000000000000000e+02 1.089412917522414261e+02 3.763601134280624478e+02 1.534384390876639914e+00 1.060169333600175845e+00
1.778000000000000114e+02 1.250000000000000000e+01 1.066799999999999955e+03 4.200000000000000000e+01 4.200000000000000000e+02 7.776306873049814783e+01 4.415361352453455765e+02 1.851501636440432197e+00 1.051276512488918069e+00
1.778000000000000114e+02 1.250000000000000000e+01 1.066799999999999955e+03 8.400000000000000000e+01 4.200000000000000000e+02 1.264823539789524176e+02 4.399691258843380410e+02 1.505742309273243151e+00 1.047545537819852379e+00
1.778000000000000114e+02 1.250000000000000000e+01 1.066799999999999955e+03 6.900000000000000000e+01 6.900000000000000000e+02 1.177030240671670782e+02 7.105408636636642541e+02 1.705840928509667842e+00 1.029769367628498911e+00
1.778000000000000114e+02 1.250000000000000000e+01 1.066799999999999955e+03 1.000000000000000000e+02 6.900000000000000000e+02 1.503094600689451568e+02 7.090275434755160404e+02 1.503094600689451665e+00 1.027576149964515961e+00
1.015999999999999943e+02 5.000000000000000000e+00 6.096000000000000227e+02 2.350000000000000000e+01 2.350000000000000000e+02 4.458674793514143175e+01 2.487215931923020946e+02 1.897308422771975867e+00 1.058389758265115388e+00
1.015999999999999943e+02 5.000000000000000000e+00 6.096000000000000227e+02 4.700000000000000000e+01 2.350000000000000000e+02 7.114169606991104899e+01 2.491552726671443736e+02 1.513653107870447823e+00 1.060235202838912150e+00
1.015999999999999943e+02 5.000000000000000000e+00 6.096000000000000227e+02 3.550000000000000000e+01 3.550000000000000000e+02 6.168516774280145398e+01 3.715363669248208112e+02 1.737610358952153655e+00 1.046581315281185365e+00
1.015999999999999943e+02 5.000000000000000000e+00 6.096000000000000227e+02 7.100000000000000000e+01 3.550000000000000000e+02 1.033273543175334765e+02 3.790866466610905263e+02 1.455314849542725053e+00 1.067849708904480277e+00
1.015999999999999943e+02 5.000000000000000000e+00 6.096000000000000227e+02 4.200000000000000000e+01 4.200000000000000000e+02 7.151335286907718114e+01 4.380441242376359696e+02 1.702698877835171043e+00 1.042962200565799913e+00
1.015999999999999943e+02 5.000000000000000000e+00 6.096000000000000227e+02 8.400000000000000000e+01 4.200000000000000000e+02 1.190865589033103902e+02 4.430183426365089190e+02 1.417697129801314126e+00 1.054805577705973718e+00
1.015999999999999943e+02 5.000000000000000000e+00 6.096000000000000227e+02 6.900000000000000000e+01 6.900000000000000000e+02 1.100668415031403242e+02 7.049200774350745178e+02 1.595171615987540870e+00 1.021623300630542852e+00
1.015999999999999943e+02 5.000000000000000000e+00 6.096000000000000227e+02 1.000000000000000000e+02 6.900000000000000000e+02 1.450435344237685626e+02 7.085378996438142849e+02 1.450435344237685609e+00 1.026866521222919326e+00
2.730000000000000000e+02 1.000000000000000000e+01 1.638000000000000000e+03 2.350000000000000000e+01 2.350000000000000000e+02 4.058429671262826588e+01 2.475766784028856478e+02 1.726991349473543158e+00 1.053517780437811302e+00
2.730000000000000000e+02 1.000000000000000000e+01 1.638000000000000000e+03 4.700000000000000000e+01 2.350000000000000000e+02 6.283218685505005396e+01 2.481169272340167424e+02 1.336855039469150075e+00 1.055816711634113725e+00
2.730000000000000000e+02 1.000000000000000000e+01 1.638000000000000000e+03 3.550000000000000000e+01 3.550000000000000000e+02 5.689704127122612221e+01 3.715814273907446363e+02 1.602733556935947101e+00 1.046708246171111689e+00
2.730000000000000000e+02 1.000000000000000000e+01 1.638000000000000000e+03 7.100000000000000000e+01 3.550000000000000000e+02 9.747862486126832948e+01 3.732597792752343935e+02 1.372938378327722919e+00 1.051435997958406698e+00
2.730000000000000000e+02 1.000000000000000000e+01 1.638000000000000000e+03 4.200000000000000000e+01 4.200000000000000000e+02 6.661016309466052121e+01 4.362243599511037360e+02 1.585956264158583817e+00 1.038629428455008830e+00
2.730000000000000000e+02 1.000000000000000000e+01 1.638000000000000000e+03 8.400000000000000000e+01 4.200000000000000000e+02 1.151116616995316804e+02 4.380363259418733719e+02 1.370376924994424872e+00 1.042943633194936659e+00
2.730000000000000000e+02 1.000000000000000000e+01 1.638000000000000000e+03 6.900000000000000000e+01 6.900000000000000000e+02 1.020955008030342270e+02 7.016684174598268555e+02 1.479644939174409091e+00 1.016910749941777992e+00
2.730000000000000000e+02 1.000000000000000000e+01 1.638000000000000000e+03 1.000000000000000000e+02 6.900000000000000000e+02 1.380595936298335005e+02 7.051343476424060555e+02 1.380595936298335102e+00 1.021933837162907421e+00
1.330000000000000000e+02 4.000000000000000000e+00 7.980000000000000000e+02 2.350000000000000000e+01 2.350000000000000000e+02 3.810946755004418662e+01 2.466759811298009879e+02 1.621679470214646201e+00 1.049685026084259620e+00
1.330000000000000000e+02 4.000000000000000000e+00 7.980000000000000000e+02 4.700000000000000000e+01 2.350000000000000000e+02 6.099320563163839637e+01 2.486015449702151159e+02 1.297727779396561587e+00 1.057878914766872791e+00
1.330000000000000000e+02 4.000000000000000000e+00 7.980000000000000000e+02 3.550000000000000000e+01 3.550000000000000000e+02 5.489550244377404198e+01 3.691650248992104935e+02 1.546352181514761837e+00 1.039901478589325245e+00
1.330000000000000000e+02 4.000000000000000000e+00 7.980000000000000000e+02 7.100000000000000000e+01 3.550000000000000000e+02 9.203377256976565945e+01 3.723910253460994113e+02 1.296250317884023451e+00 1.048988803791829350e+00
1.330000000000000000e+02 4.000000000000000000e+00 7.980000000000000000e+02 4.200000000000000000e+01 4.200000000000000000e+02 6.365447225334790460e+01 4.359557342043195831e+02 1.515582672698759570e+00 1.037989843343618102e+00
1.330000000000000000e+02 4.000000000000000000e+00 7.980000000000000000e+02 8.400000000000000000e+01 4.200000000000000000e+02 1.063167866029364461e+02 4.384226102082605507e+02 1.265676030987338718e+00 1.043863357638715517e+00
1.330000000000000000e+02 4.000000000000000000e+00 7.980000000000000000e+02 6.900000000000000000e+01 6.900000000000000000e+02 9.945043059812893205e+01 7.019023026880232692e+02 1.441310588378680091e+00 1.017249714040613373e+00
1.330000000000000000e+02 4.000000000000000000e+00 7.980000000000000000e+02 1.000000000000000000e+02 6.900000000000000000e+02 1.362392509728000789e+02 7.043896088232720558e+02 1.362392509728000745e+00 1.020854505540973900e+00
1.015999999999999943e+02 2.500000000000000000e+00 6.096000000000000227e+02 2.350000000000000000e+01 2.350000000000000000e+02 3.582270642056662524e+01 2.457052411026029688e+02 1.524370485981558554e+00 1.045554217457884905e+00
1.015999999999999943e+02 2.500000000000000000e+00 6.096000000000000227e+02 4.700000000000000000e+01 2.350000000000000000e+02 5.943091829750395050e+01 2.479692139973105327e+02 1.264487623351147949e+00 1.055188144669406469e+00
1.015999999999999943e+02 2.500000000000000000e+00 6.096000000000000227e+02 3.550000000000000000e+01 3.550000000000000000e+02 5.218255005912880051e+01 3.689333914806916255e+02 1.469930987581092863e+00 1.039248990086455215e+00
1.015999999999999943e+02 2.500000000000000000e+00 6.096000000000000227e+02 7.100000000000000000e+01 3.550000000000000000e+02 8.281190313524348312e+01 3.699145321908737856e+02 1.166364832890753211e+00 1.042012766734855767e+00
1.015999999999999943e+02 2.500000000000000000e+00 6.096000000000000227e+02 4.200000000000000000e+01 4.200000000000000000e+02 6.080016098768324895e+01 4.345211823939117721e+02 1.447622880659124922e+00 1.034574243795028048e+00
1.015999999999999943e+02 2.500000000000000000e+00 6.096000000000000227e+02 8.400000000000000000e+01 4.200000000000000000e+02 9.682550734117685920e+01 4.357697384689794831e+02 1.152684611204486398e+00 1.037546996354713036e+00
1.015999999999999943e+02 2.500000000000000000e+00 6.096000000000000227e+02 6.900000000000000000e+01 6.900000000000000000e+02 9.613697995980008670e+01 6.992743235116155347e+02 1.393289564634783817e+00 1.013441048567558678e+00
1.015999999999999943e+02 2.500000000000000000e+00 6.096000000000000227e+02 1.000000000000000000e+02 6.900000000000000000e+02 1.270145544129883319e+02 7.026173065693157014e+02 1.270145544129883231e+00 1.018285951549732893e+00
2.730000000000000000e+02 6.000000000000000000e+00 1.638000000000000000e+03 2.350000000000000000e+01 2.350000000000000000e+02 3.461285379357836689e+01 2.458228782854832843e+02 1.472887395471419891e+00 1.046054801214822527e+00
2.730000000000000000e+02 6.000000000000000000e+00 1.638000000000000000e+03 4.700000000000000000e+01 2.350000000000000000e+02 5.570338204603560683e+01 2.458642855382254311e+02 1.185178341405012992e+00 1.046231002290320955e+00
2.730000000000000000e+02 6.000000000000000000e+00 1.638000000000000000e+03 3.550000000000000000e+01 3.550000000000000000e+02 5.088308125941479432e+01 3.683747332367508989e+02 1.433326232659571708e+00 1.037675304892256012e+00
2.730000000000000000e+02 6.000000000000000000e+00 1.638000000000000000e+03 7.100000000000000000e+01 3.550000000000000000e+02 8.359404779185516077e+01 3.710104118404623819e+02 1.177380954814861491e+00 1.045099751663274290e+00
2.730000000000000000e+02 6.000000000000000000e+00 1.638000000000000000e+03 4.200000000000000000e+01 4.200000000000000000e+02 5.936039532310876154e+01 4.333574005388634873e+02 1.413342745788303878e+00 1.031803334616341550e+00
2.730000000000000000e+02 6.000000000000000000e+00 1.638000000000000000e+03 8.400000000000000000e+01 4.200000000000000000e+02 9.642537052571874767e+01 4.344357692048634476e+02 1.147921077687128033e+00 1.034370879059198778e+00
2.730000000000000000e+02 6.000000000000000000e+00 1.638000000000000000e+03 6.900000000000000000e+01 6.900000000000000000e+02 9.448593670061919170e+01 6.986563799662806105e+02 1.369361401458249139e+00 1.012545478212000916e+00
2.730000000000000000e+02 6.000000000000000000e+00 1.638000000000000000e+03 1.000000000000000000e+02 6.900000000000000000e+02 1.265611343082765501e+02 7.011295315051110038e+02 1.265611343082765572e+00 1.016129755804508594e+00
2.445000000000000000e+02 5.000000000000000000e+00 1.467000000000000000e+03 2.350000000000000000e+01 2.350000000000000000e+02 3.378045989853634978e+01 2.454083370829777380e+02 1.437466378661121258e+00 1.044290796097777640e+00
2.445000000000000000e+02 5.000000000000000000e+00 1.467000000000000000e+03 4.700000000000000000e+01 2.350000000000000000e+02 5.551751155933057902e+01 2.444388335720899761e+02 1.181223650198522934e+00 1.040165249242936074e+00
2.445000000000000000e+02 5.000000000000000000e+00 1.467000000000000000e+03 3.550000000000000000e+01 3.550000000000000000e+02 5.007798024149050065e+01 3.673812960256440761e+02 1.410647330746211292e+00 1.034876890213081824e+00
2.445000000000000000e+02 5.000000000000000000e+00 1.467000000000000000e+03 7.100000000000000000e+01 3.550000000000000000e+02 8.125178224505373237e+01 3.670992365222857643e+02 1.144391299226108938e+00 1.034082356400805036e+00
2.445000000000000000e+02 5.000000000000000000e+00 1.467000000000000000e+03 4.200000000000000000e+01 4.200000000000000000e+02 5.859370434113957060e+01 4.330853668534795133e+02 1.395088198598561258e+00 1.031155635365427425e+00
2.445000000000000000e+02 5.000000000000000000e+00 1.467000000000000000e+03 8.400000000000000000e+01 4.200000000000000000e+02 9.650476999510217979e+01 4.372506740595118231e+02 1.148866309465502056e+00 1.041073033475028220e+00
2.445000000000000000e+02 5.000000000000000000e+00 1.467000000000000000e+03 6.900000000000000000e+01 6.900000000000000000e+02 9.394722719491613816e+01 6.987709130601436982e+02 1.361554017317625265e+00 1.012711468203106868e+00
2.445000000000000000e+02 5.000000000000000000e+00 1.467000000000000000e+03 1.000000000000000000e+02 6.900000000000000000e+02 1.239379823318851237e+02 7.001372888740992266e+02 1.239379823318851326e+00 1.014691723005940904e+00
2.190999999999999943e+02 4.000000000000000000e+00 1.314599999999999909e+03 2.350000000000000000e+01 2.350000000000000000e+02 3.333830036630608618e+01 2.452282766995105021e+02 1.418651079417280192e+00 1.043524581700044696e+00
2.190999999999999943e+02 4.000000000000000000e+00 1.314599999999999909e+03 4.700000000000000000e+01 2.350000000000000000e+02 5.348517065434239015e+01 2.428427072074912871e+02 1.137982354347710334e+00 1.033373222159537308e+00
2.190999999999999943e+02 4.000000000000000000e+00 1.314599999999999909e+03 3.550000000000000000e+01 3.550000000000000000e+02 4.887668133074223675e+01 3.661139873313978796e+02 1.376807924809640538e+00 1.031307006567317996e+00
2.190999999999999943e+02 4.000000000000000000e+00 1.314599999999999909e+03 7.100000000000000000e+01 3.550000000000000000e+02 7.939446457060752493e+01 3.678321851684216313e+02 1.118231895360669359e+00 1.036147000474427093e+00
2.190999999999999943e+02 4.000000000000000000e+00 1.314599999999999909e+03 4.200000000000000000e+01 4.200000000000000000e+02 5.734922672581000569e+01 4.323493138201167767e+02 1.365457779185952569e+00 1.029403128143135282e+00
2.190999999999999943e+02 4.000000000000000000e+00 1.314599999999999909e+03 8.400000000000000000e+01 4.200000000000000000e+02 9.359231845659498106e+01 4.357170877483010827e+02 1.114194267340416378e+00 1.037421637495955062e+00
2.190999999999999943e+02 4.000000000000000000e+00 1.314599999999999909e+03 6.900000000000000000e+01 6.900000000000000000e+02 9.086892426113001875e+01 6.989001065909523049e+02 1.316940931320724983e+00 1.012898705204278604e+00
2.190999999999999943e+02 4.000000000000000000e+00 1.314599999999999909e+03 1.000000000000000000e+02 6.900000000000000000e+02 1.171731123306820734e+02 6.995194524513451597e+02 1.171731123306820832e+00 1.013796307900500127e+00
2.445000000000000000e+02 4.000000000000000000e+00 1.467000000000000000e+03 2.350000000000000000e+01 2.350000000000000000e+02 3.136542551385233324e+01 2.441440196578028292e+02 1.334698958036269589e+00 1.038910721948097082e+00
2.445000000000000000e+02 4.000000000000000000e+00 1.467000000000000000e+03 4.700000000000000000e+01 2.350000000000000000e+02 5.223514180185782863e+01 2.398178665511505585e+02 1.111385995784209157e+00 1.020501559792130086e+00
2.445000000000000000e+02 4.000000000000000000e+00 1.467000000000000000e+03 3.550000000000000000e+01 3.550000000000000000e+02 4.642761494773821340e+01 3.654624766351377048e+02 1.307820139372907420e+00 1.029471765169402087e+00
2.445000000000000000e+02 4.000000000000000000e+00 1.467000000000000000e+03 7.100000000000000000e+01 3.550000000000000000e+02 7.922567433866689157e+01 3.641790471684816453e+02 1.115854568150237869e+00 1.025856470897131389e+00
2.445000000000000000e+02 4.000000000000000000e+00 1.467000000000000000e+03 4.200000000000000000e+01 4.200000000000000000e+02 5.477405984872551414e+01 4.316150393335908575e+02 1.304144282112512210e+00 1.027654855556168645e+00
2.445000000000000000e+02 4.000000000000000000e+00 1.467000000000000000e+03 8.400000000000000000e+01 4.200000000000000000e+02 9.284082605112524789e+01 4.276167497691000108e+02 1.105247929180062538e+00 1.018135118497857095e+00
2.445000000000000000e+02 4.000000000000000000e+00 1.467000000000000000e+03 6.900000000000000000e+01 6.900000000000000000e+02 8.880555660553352482e+01 6.974597163697472979e+02 1.287037052254109026e+00 1.010811183144561198e+00
2.445000000000000000e+02 4.000000000000000000e+00 1.467000000000000000e+03 1.000000000000000000e+02 6.900000000000000000e+02 1.159169079622586480e+02 7.002250271781257425e+02 1.159169079622586418e+00 1.014818879968298226e+00
2.730000000000000000e+02 4.000000000000000000e+00 1.638000000000000000e+03 2.350000000000000000e+01 2.350000000000000000e+02 3.116471339307449639e+01 2.436948219639252216e+02 1.326158016726574296e+00 1.036999242399681886e+00
2.730000000000000000e+02 4.000000000000000000e+00 1.638000000000000000e+03 4.700000000000000000e+01 2.350000000000000000e+02 5.160804145736261006e+01 2.396464677760813800e+02 1.098043435263034162e+00 1.019772203302473867e+00
2.730000000000000000e+02 4.000000000000000000e+00 1.638000000000000000e+03 3.550000000000000000e+01 3.550000000000000000e+02 4.645652206983564980e+01 3.654557153572814059e+02 1.308634424502412630e+00 1.029452719316285680e+00
2.730000000000000000e+02 4.000000000000000000e+00 1.638000000000000000e+03 7.100000000000000000e+01 3.550000000000000000e+02 7.802470578170819238e+01 3.654309036206568067e+02 1.098939518052228115e+00 1.029382827100441711e+00
2.730000000000000000e+02 4.000000000000000000e+00 1.638000000000000000e+03 4.200000000000000000e+01 4.200000000000000000e+02 5.437667967099083910e+01 4.301134440971167123e+02 1.294682849309305661e+00 1.024079628802658792e+00
2.730000000000000000e+02 4.000000000000000000e+00 1.638000000000000000e+03 8.400000000000000000e+01 4.200000000000000000e+02 9.153346586109290683e+01 4.311942151937813605e+02 1.089684117393963092e+00 1.026652893318527049e+00
2.730000000000000000e+02 4.000000000000000000e+00 1.638000000000000000e+03 6.900000000000000000e+01 6.900000000000000000e+02 8.359431296623785101e+01 6.959076262861178748e+02 1.211511782119389036e+00 1.008561777226257838e+00
2.730000000000000000e+02 4.000000000000000000e+00 1.638000000000000000e+03 1.000000000000000000e+02 6.900000000000000000e+02 1.124293464071359239e+02 6.947716708732809821e+02 1.124293464071359328e+00 1.006915465033740631e+00
2.190999999999999943e+02 3.000000000000000000e+00 1.314599999999999909e+03 2.350000000000000000e+01 2.350000000000000000e+02 3.093985832200906572e+01 2.429165679490875789e+02 1.316589715830172924e+00 1.033687523187606816e+00
2.190999999999999943e+02 3.000000000000000000e+00 1.314599999999999909e+03 4.700000000000000000e+01 2.350000000000000000e+02 5.079376607192816806e+01 2.427825077464704577e+02 1.080718427062301368e+00 1.033117054240299870e+00
2.190999999999999943e+02 3.000000000000000000e+00 1.314599999999999909e+03 3.550000000000000000e+01 3.550000000000000000e+02 4.374180619530402225e+01 3.660396725933247808e+02 1.232163554797296445e+00 1.031097669276971107e+00
2.190999999999999943e+02 3.000000000000000000e+00 1.314599999999999909e+03 7.100000000000000000e+01 3.550000000000000000e+02 7.671154592609535428e+01 3.660947917670329730e+02 1.080444308818244492e+00 1.031252934555022538e+00
2.190999999999999943e+02 3.000000000000000000e+00 1.314599999999999909e+03 4.200000000000000000e+01 4.200000000000000000e+02 5.041493579935347924e+01 4.305644891229543418e+02 1.200355614270320892e+00 1.025153545530843591e+00
2.190999999999999943e+02 3.000000000000000000e+00 1.314599999999999909e+03 8.400000000000000000e+01 4.200000000000000000e+02 9.042619301297528978e+01 4.307234962774741120e+02 1.076502297773515249e+00 1.025532133993986017e+00
2.190999999999999943e+02 3.000000000000000000e+00 1.314599999999999909e+03 6.900000000000000000e+01 6.900000000000000000e+02 8.340065736122218709e+01 6.961494730023587181e+02 1.208705179148147568e+00 1.008912279713563453e+00
2.190999999999999943e+02 3.000000000000000000e+00 1.314599999999999909e+03 1.000000000000000000e+02 6.900000000000000000e+02 1.121723335632833027e+02 6.834849366608112859e+02 1.121723335632833107e+00 9.905578792185670833e-01
